0.000000 0.0000000 0.0000000 0.0000000 0.0000000 0.0000000 0.0000000 1.0000000
0.000000 -0.0011642 0.0035936 0.0535535 -0.0011858 0.0005123 0.0013406 0.9999983
0.000000 -0.0014502 0.0040434 0.0649695 -0.0012514 0.0008099 0.0018522 0.9999971
0.000000 -0.0020881 0.0068406 0.0972836 -0.0003549 0.0006241 0.0028023 0.9999958
0.000000 -0.0032006 0.0101979 0.1396454 -0.0026095 0.0016720 0.0042771 0.9999861
0.000000 -0.0034279 0.0118048 0.1606098 -0.0041124 0.0018101 0.0049673 0.9999776
0.000000 -0.0047129 0.0139452 0.1916391 -0.0055656 0.0020302 0.0051748 0.9999691
0.000000 -0.0050309 0.0159405 0.2219384 -0.0057125 0.0018259 0.0054204 0.9999673
0.000000 -0.0062673 0.0177509 0.2518077 -0.0051395 0.0020908 0.0054104 0.9999700
0.000000 -0.0069613 0.0195569 0.2808369 -0.0035774 0.0013919 0.0056388 0.9999768
0.000000 -0.0074928 0.0213133 0.3092107 -0.0019696 0.0004743 0.0062657 0.9999783
0.000000 -0.0083064 0.0237713 0.3471623 0.0006856 -0.0002260 0.0071865 0.9999739
0.000000 -0.0094306 0.0260655 0.3847654 0.0004852 0.0000429 0.0083648 0.9999649
0.000000 -0.0101863 0.0285434 0.4224291 -0.0000598 -0.0002601 0.0085396 0.9999635
0.000000 -0.0116207 0.0310766 0.4600343 -0.0006962 -0.0001237 0.0080834 0.9999671
0.000000 -0.0124049 0.0334209 0.4973514 -0.0013427 -0.0002808 0.0088331 0.9999601
0.000000 -0.0133475 0.0363100 0.5435912 0.0012716 -0.0008587 0.0119549 0.9999273
0.000000 -0.0148191 0.0388806 0.5906363 0.0033541 -0.0008462 0.0103060 0.9999409
0.000000 -0.0161408 0.0419027 0.6378285 0.0025772 -0.0002549 0.0098049 0.9999486
0.000000 -0.0171073 0.0453304 0.6861932 0.0022418 -0.0009112 0.0109062 0.9999376
0.000000 -0.0180603 0.0477074 0.7258214 0.0014897 -0.0007457 0.0100274 0.9999483
0.000000 -0.0192921 0.0506114 0.7655721 0.0018205 -0.0011482 0.0081762 0.9999642
0.000000 -0.0207940 0.0540460 0.8169076 0.0013120 -0.0008046 0.0087435 0.9999606
0.000000 -0.0218153 0.0559890 0.8482806 0.0013823 -0.0006055 0.0072868 0.9999723
0.000000 -0.0227920 0.0578073 0.8805594 0.0016217 -0.0009091 0.0066822 0.9999759
0.000000 -0.0239034 0.0605152 0.9228480 0.0027561 -0.0010116 0.0057675 0.9999791
0.000000 -0.0248201 0.0624415 0.9553797 0.0034394 -0.0006423 0.0054344 0.9999791
0.000000 -0.0256989 0.0645609 0.9878278 0.0040377 -0.0009854 0.0048483 0.9999796
0.000000 -0.0265504 0.0668785 1.0198736 0.0032419 -0.0007897 0.0041360 0.9999859
0.000000 -0.0269097 0.0693984 1.0531687 0.0018304 -0.0000342 0.0032226 0.9999931
0.000000 -0.0276623 0.0714738 1.0869414 0.0000068 0.0011187 0.0054526 0.9999845
0.000000 -0.0284932 0.0739018 1.1207510 -0.0005256 0.0015003 0.0062964 0.9999789
0.000000 -0.0295043 0.0765422 1.1670327 0.0007693 0.0032254 0.0060057 0.9999765
0.000000 -0.0308231 0.0787921 1.2016135 0.0029705 0.0034629 0.0044092 0.9999799
0.000000 -0.0317808 0.0822719 1.2481639 0.0029629 0.0025743 0.0029079 0.9999881
0.000000 -0.0324494 0.0853884 1.2946274 -0.0003922 0.0036274 0.0015139 0.9999922
0.000000 -0.0334636 0.0887111 1.3417544 -0.0003395 0.0043176 0.0012304 0.9999899
0.000000 -0.0341146 0.0916575 1.3891735 0.0007803 0.0047830 0.0045317 0.9999780
0.000000 -0.0344672 0.0958161 1.4480909 -0.0013016 0.0057477 0.0059077 0.9999652
0.000000 -0.0353017 0.0998005 1.5055972 0.0007475 0.0045453 0.0048188 0.9999778
0.000000 -0.0360342 0.1020783 1.5531106 0.0017209 0.0061428 0.0059002 0.9999623
0.000000 -0.0370222 0.1044431 1.5991229 -0.0001376 0.0060902 0.0043948 0.9999718
0.000000 -0.0377530 0.1076608 1.6441700 -0.0009834 0.0052204 0.0021934 0.9999835
0.000000 -0.0385539 0.1109704 1.6888795 -0.0020909 0.0046838 0.0011355 0.9999862
0.000000 -0.0390530 0.1140928 1.7338663 -0.0041994 0.0048886 0.0004282 0.9999791
0.000000 -0.0402004 0.1183678 1.7888908 -0.0052687 0.0046689 -0.0006954 0.9999750
0.000000 -0.0410484 0.1214512 1.8326378 -0.0065735 0.0047044 -0.0002138 0.9999673
0.000000 -0.0419412 0.1259759 1.8872179 -0.0086926 0.0054146 -0.0023530 0.9999448
0.000000 -0.0425302 0.1293607 1.9305381 -0.0087668 0.0048180 -0.0015045 0.9999488
0.000000 -0.0430376 0.1329880 1.9736184 -0.0079787 0.0045354 -0.0013047 0.9999570
0.000000 -0.0438206 0.1367016 2.0157030 -0.0080315 0.0048398 -0.0024784 0.9999530
0.000001 -0.0448928 0.1397289 2.0577805 -0.0083351 0.0046587 -0.0012145 0.9999537
0.000001 -0.0453204 0.1433705 2.1000185 -0.0090513 0.0053404 0.0012235 0.9999440
0.000001 -0.0455073 0.1471363 2.1417024 -0.0093451 0.0043518 0.0001562 0.9999468
0.000001 -0.0463294 0.1495366 2.1733363 -0.0099840 0.0058022 0.0021491 0.9999310
0.000001 -0.0470066 0.1537385 2.2147930 -0.0109569 0.0048518 0.0014855 0.9999271
0.000001 -0.0476947 0.1584205 2.2672236 -0.0139061 0.0056659 0.0026692 0.9998837
0.000001 -0.0483143 0.1623832 2.3089952 -0.0149572 0.0055576 0.0019493 0.9998708
0.000001 -0.0489983 0.1673825 2.3611283 -0.0165957 0.0056498 0.0021473 0.9998440
0.000001 -0.0493002 0.1717712 2.4029443 -0.0180045 0.0058736 0.0005502 0.9998205
0.000001 -0.0502019 0.1766758 2.4547040 -0.0184556 0.0058706 0.0003842 0.9998124
0.000001 -0.0514290 0.1815567 2.5059481 -0.0170178 0.0060610 -0.0007953 0.9998365
0.000001 -0.0520796 0.1876701 2.5668881 -0.0188112 0.0054967 -0.0023594 0.9998052
0.000001 -0.0533572 0.1943176 2.6279340 -0.0214499 0.0060794 -0.0037790 0.9997443
0.000001 -0.0542808 0.2012204 2.6884863 -0.0239339 0.0059709 -0.0057714 0.9996790
0.000001 -0.0552640 0.2081359 2.7482150 -0.0251933 0.0057765 -0.0080501 0.9996335
0.000001 -0.0564513 0.2150013 2.8081961 -0.0246339 0.0065501 -0.0089762 0.9996348
0.000001 -0.0574308 0.2219899 2.8672132 -0.0266520 0.0082811 -0.0077143 0.9995807
0.000001 -0.0580006 0.2284589 2.9264498 -0.0260094 0.0078746 -0.0039785 0.9996228
0.000001 -0.0578456 0.2354888 2.9837570 -0.0272071 0.0086977 0.0006207 0.9995918
0.000001 -0.0583691 0.2418969 3.0421283 -0.0280261 0.0088960 0.0014670 0.9995666
0.000001 -0.0587888 0.2490813 3.0999501 -0.0296641 0.0088334 0.0003609 0.9995208
0.000001 -0.0593296 0.2565023 3.1577351 -0.0338561 0.0094991 0.0016253 0.9993802
0.000001 -0.0595477 0.2626404 3.2053161 -0.0339827 0.0094021 0.0035862 0.9993718
0.000001 -0.0597505 0.2691700 3.2523715 -0.0347935 0.0098104 0.0055334 0.9993311
0.000001 -0.0598367 0.2755044 3.3000910 -0.0357861 0.0103106 0.0100602 0.9992557
0.000001 -0.0596228 0.2818822 3.3476183 -0.0355614 0.0105146 0.0135281 0.9992206
0.000001 -0.0602144 0.2887164 3.3944016 -0.0374811 0.0109564 0.0138838 0.9991408
0.000001 -0.0606147 0.2951343 3.4408386 -0.0400852 0.0111754 0.0154941 0.9990136
0.000001 -0.0604879 0.3002649 3.4779415 -0.0411696 0.0107168 0.0141522 0.9989945
0.000001 -0.0614315 0.3052240 3.5141861 -0.0416298 0.0108791 0.0129894 0.9989894
0.000001 -0.0611679 0.3107153 3.5504291 -0.0420456 0.0107225 0.0125640 0.9989792
0.000001 -0.0619922 0.3157955 3.5861611 -0.0425632 0.0109671 0.0121894 0.9989592
0.000001 -0.0623726 0.3224027 3.6304388 -0.0425222 0.0105455 0.0121609 0.9989659
0.000001 -0.0624291 0.3274704 3.6656308 -0.0439177 0.0097678 0.0103822 0.9989334
0.000001 -0.0630874 0.3327309 3.6998971 -0.0448338 0.0100210 0.0087637 0.9989058
0.000001 -0.0633008 0.3365841 3.7256505 -0.0453334 0.0097633 0.0091003 0.9988828
0.000001 -0.0633292 0.3404775 3.7511008 -0.0457029 0.0098520 0.0092639 0.9988635
0.000001 -0.0636271 0.3442215 3.7769020 -0.0454828 0.0097415 0.0085208 0.9988813
0.000001 -0.0641218 0.3481262 3.8023052 -0.0449082 0.0097976 0.0060079 0.9989250
0.000001 -0.0643935 0.3529639 3.8359110 -0.0441864 0.0097152 0.0059302 0.9989585
0.000001 -0.0647464 0.3580937 3.8686733 -0.0442348 0.0087163 0.0058521 0.9989660
0.000001 -0.0646967 0.3616567 3.8933613 -0.0449885 0.0094575 0.0044744 0.9989327
0.000001 -0.0648744 0.3651794 3.9176860 -0.0450023 0.0100204 0.0023075 0.9989340
0.000001 -0.0649764 0.3687602 3.9414995 -0.0447756 0.0102813 0.0012340 0.9989434
0.000001 -0.0651327 0.3725163 3.9654539 -0.0447509 0.0115891 0.0005796 0.9989308
0.000001 -0.0648599 0.3769926 3.9972031 -0.0455927 0.0130656 -0.0001376 0.9988747
0.000001 -0.0647954 0.3818990 4.0288463 -0.0461974 0.0154987 -0.0016381 0.9988108
0.000001 -0.0644975 0.3866895 4.0599089 -0.0456389 0.0177411 -0.0018604 0.9987987
0.000001 -0.0642433 0.3913708 4.0909071 -0.0448448 0.0197989 -0.0034557 0.9987918
0.000001 -0.0635747 0.3959985 4.1216063 -0.0440789 0.0211381 -0.0047401 0.9987932
0.000001 -0.0622374 0.4011999 4.1593447 -0.0438511 0.0238181 -0.0062351 0.9987347
0.000001 -0.0614428 0.4069504 4.1959238 -0.0439586 0.0281940 -0.0086962 0.9985976
0.000001 -0.0597279 0.4111455 4.2253809 -0.0439518 0.0308120 -0.0093333 0.9985148
0.000001 -0.0576802 0.4161216 4.2612786 -0.0432846 0.0337412 -0.0096064 0.9984466
0.000001 -0.0557432 0.4214321 4.2959008 -0.0427599 0.0383043 -0.0109565 0.9982907
0.000001 -0.0536325 0.4266658 4.3301201 -0.0438608 0.0419161 -0.0099232 0.9981086
0.000001 -0.0511566 0.4318663 4.3632536 -0.0458541 0.0460725 -0.0076816 0.9978555
0.000001 -0.0482613 0.4368224 4.3949356 -0.0473979 0.0497004 -0.0061859 0.9976197
0.000001 -0.0453733 0.4416621 4.4262352 -0.0483085 0.0537042 -0.0051118 0.9973745
0.000001 -0.0422745 0.4464359 4.4544897 -0.0499468 0.0572339 -0.0012144 0.9971099
0.000001 -0.0388030 0.4509642 4.4827175 -0.0522703 0.0610626 0.0020210 0.9967623
0.000001 -0.0360830 0.4549701 4.5086336 -0.0508124 0.0652117 0.0011073 0.9965763
0.000001 -0.0324192 0.4589781 4.5363555 -0.0471842 0.0695690 0.0013841 0.9964597
0.000001 -0.0287825 0.4629759 4.5616422 -0.0433229 0.0741637 0.0056474 0.9962886
0.000001 -0.0224755 0.4694901 4.6051426 -0.0455744 0.0835187 0.0085870 0.9954265
0.000001 -0.0182515 0.4730109 4.6293387 -0.0458756 0.0882622 0.0114998 0.9949738
0.000001 -0.0138134 0.4767579 4.6553307 -0.0462280 0.0931330 0.0125230 0.9945011
0.000001 -0.0103205 0.4800088 4.6712818 -0.0475499 0.0964448 0.0150825 0.9940875
0.000001 -0.0058554 0.4836744 4.6952367 -0.0485133 0.1004610 0.0115687 0.9936902
0.000001 0.0065588 0.4922756 4.7522202 -0.0459779 0.1137615 0.0229760 0.9921776
0.000001 0.0351617 0.5047463 4.8408437 -0.0385358 0.1869022 0.0079894 0.9815899
0.000001 0.0481458 0.5063683 4.8595128 -0.0351023 0.2362944 -0.0030620 0.9710425
0.000001 0.0568337 0.5066714 4.8693428 -0.0348093 0.2656367 -0.0065833 0.9634221
0.000001 0.0654418 0.5066305 4.8772335 -0.0350772 0.2915263 -0.0117099 0.9558477
0.000001 0.0766628 0.5052236 4.8863735 -0.0383058 0.3250159 -0.0221597 0.9446726
0.000001 0.0873332 0.5049220 4.8964763 -0.0398060 0.3549575 -0.0297042 0.9335622
0.000001 0.1010251 0.5058076 4.9070578 -0.0375926 0.3854766 -0.0348656 0.9212920
0.000001 0.1154017 0.5063787 4.9162531 -0.0351691 0.4147505 -0.0392342 0.9084084
0.000001 0.1334271 0.5074825 4.9253359 -0.0358616 0.4420884 -0.0471631 0.8950126
0.000001 0.1521547 0.5079771 4.9341574 -0.0354927 0.4685111 -0.0499065 0.8813325
0.000001 0.1673949 0.5081713 4.9408197 -0.0345956 0.4875156 -0.0495638 0.8710196
0.000001 0.1826134 0.5086465 4.9464488 -0.0328487 0.5042980 -0.0514007 0.8613724
0.000001 0.2022904 0.5090011 4.9539752 -0.0341702 0.5244096 -0.0570973 0.8488621
0.000001 0.2174714 0.5093861 4.9596272 -0.0340263 0.5389555 -0.0632960 0.8392632
0.000001 0.2281539 0.5086204 4.9621310 -0.0348151 0.5487271 -0.0655241 0.8327023
0.000001 0.2433976 0.5082563 4.9662790 -0.0342200 0.5619925 -0.0660158 0.8237932
0.000001 0.2549611 0.5079211 4.9690933 -0.0339951 0.5708771 -0.0659639 0.8176751
0.000001 0.2778705 0.5052464 4.9745002 -0.0374693 0.5910193 -0.0719943 0.8025641
0.000001 0.3083864 0.5027787 4.9800725 -0.0410041 0.6124696 -0.0824264 0.7851149
0.000001 0.3187003 0.5018321 4.9821215 -0.0425476 0.6189703 -0.0862340 0.7795057
0.000001 0.3281863 0.5007156 4.9834814 -0.0435279 0.6253119 -0.0900437 0.7739396
0.000001 0.3388100 0.4994595 4.9858475 -0.0456029 0.6311827 -0.0973713 0.7681456
0.000001 0.3478337 0.4973516 4.9865441 -0.0481850 0.6368355 -0.1041839 0.7624071
0.000001 0.3554314 0.4978318 4.9863462 -0.0479430 0.6407004 -0.1063525 0.7588766
