0.000001 0.0000000 0.0000000 0.0000000 0.0000000 0.0000000 0.0000000 1.0000000
0.000001 -0.0015576 0.0029112 0.0474035 -0.0006416 0.0000193 -0.0010640 0.9999992
0.000001 -0.0020096 0.0031571 0.0538727 -0.0009200 0.0000148 -0.0009007 0.9999992
0.000001 -0.0025351 0.0045902 0.0742500 -0.0013002 0.0000160 -0.0010346 0.9999986
0.000001 -0.0030070 0.0053622 0.0876381 -0.0016531 0.0000550 -0.0012679 0.9999978
0.000001 -0.0035553 0.0062602 0.1010685 -0.0019242 0.0002320 -0.0018143 0.9999965
0.000001 -0.0067913 0.0136677 0.2100876 -0.0014707 -0.0003618 -0.0040136 0.9999908
0.000001 -0.0074428 0.0148994 0.2305732 -0.0012095 -0.0005749 -0.0041862 0.9999903
0.000001 -0.0080068 0.0160366 0.2509368 -0.0008383 -0.0009507 -0.0045698 0.9999887
0.000001 -0.0090934 0.0182897 0.2918147 0.0002232 -0.0016600 -0.0054429 0.9999838
0.000001 -0.0096700 0.0194089 0.3116979 -0.0000133 -0.0022027 -0.0054500 0.9999827
0.000001 -0.0117765 0.0229973 0.3657449 -0.0003659 -0.0025302 -0.0057413 0.9999803
0.000001 -0.0127422 0.0246100 0.3919015 -0.0006091 -0.0030387 -0.0059522 0.9999775
0.000001 -0.0142774 0.0278400 0.4451182 -0.0002403 -0.0019891 -0.0066962 0.9999756
0.000001 -0.0159697 0.0329357 0.5310031 -0.0002621 0.0034448 -0.0075344 0.9999657
0.000001 -0.0153960 0.0343550 0.5606744 -0.0003616 0.0055660 -0.0081044 0.9999516
0.000001 -0.0157794 0.0368285 0.5931459 -0.0003077 0.0087689 -0.0067764 0.9999385
0.000001 -0.0130260 0.0415222 0.6825101 -0.0013669 0.0179620 -0.0058351 0.9998207
0.000001 -0.0125435 0.0432542 0.7082723 -0.0010813 0.0216619 -0.0049526 0.9997525
0.000001 -0.0110166 0.0450128 0.7324561 -0.0015042 0.0252865 -0.0048790 0.9996672
0.000001 -0.0079708 0.0478625 0.7818050 -0.0005087 0.0333641 -0.0042635 0.9994341
0.000001 -0.0039127 0.0503186 0.8277489 0.0016807 0.0433396 -0.0039350 0.9990512
0.000001 -0.0019848 0.0509982 0.8447644 0.0034661 0.0486131 -0.0038528 0.9988043
0.000001 0.0412320 0.0597265 1.0521185 0.0151131 0.1377252 -0.0051971 0.9903415
0.000001 0.0516745 0.0589038 1.0791852 0.0146462 0.1537994 -0.0070036 0.9879687
0.000001 0.0572975 0.0590306 1.0932870 0.0151588 0.1634790 -0.0096107 0.9863836
0.000001 0.0715564 0.0595132 1.1261400 0.0166616 0.1870027 -0.0116128 0.9821494
0.000001 0.0797935 0.0594736 1.1447322 0.0177250 0.1997511 -0.0153319 0.9795663
0.000001 0.1028682 0.0604158 1.1848356 0.0190228 0.2291859 -0.0155912 0.9730719
0.000001 0.1161317 0.0607114 1.2065917 0.0186499 0.2447310 -0.0174843 0.9692540
0.000001 0.1308926 0.0603659 1.2285658 0.0182527 0.2603253 -0.0219485 0.9650989
0.000001 0.1475054 0.0608630 1.2493933 0.0179246 0.2788522 -0.0214546 0.9599270
0.000001 0.1663102 0.0602397 1.2702346 0.0145938 0.3009306 -0.0219033 0.9532828
0.000001 0.1833910 0.0590481 1.2871544 0.0120094 0.3228370 -0.0248520 0.9460520
0.000001 0.2021758 0.0575101 1.3037993 0.0096108 0.3497499 -0.0304679 0.9362982
0.000001 0.2188792 0.0563938 1.3163743 0.0068760 0.3727093 -0.0355726 0.9272406
0.000001 0.2381413 0.0556667 1.3301065 0.0044090 0.3974041 -0.0384757 0.9168261
0.000001 0.2590169 0.0543846 1.3430669 0.0019941 0.4224113 -0.0410669 0.9054713
0.000001 0.2820789 0.0531853 1.3560121 0.0011491 0.4486607 -0.0450750 0.8925640
0.000001 0.3074757 0.0528680 1.3682148 0.0000337 0.4740186 -0.0503476 0.8790742
0.000001 0.3429631 0.0518058 1.3835599 -0.0042171 0.5044638 -0.0543937 0.8617075
0.000001 0.3728070 0.0502722 1.3943424 -0.0058767 0.5273200 -0.0569087 0.8477384
0.000001 0.4152007 0.0490113 1.4080018 -0.0053862 0.5538834 -0.0600438 0.8304089
0.000001 0.4602968 0.0478730 1.4191769 -0.0047191 0.5781029 -0.0624276 0.8135585
0.000001 0.4982489 0.0469504 1.4271072 -0.0036446 0.5965031 -0.0631277 0.8001160
0.000001 0.5372646 0.0461211 1.4339745 -0.0029240 0.6127226 -0.0637603 0.7877164
0.000001 0.5674864 0.0452837 1.4392294 -0.0018196 0.6234377 -0.0632418 0.7793090
0.000001 0.6098867 0.0439808 1.4457020 0.0001820 0.6354625 -0.0629918 0.7695580
0.000001 0.6433500 0.0429082 1.4504513 0.0023492 0.6431560 -0.0632427 0.7631155
0.000001 0.6894116 0.0419360 1.4565352 0.0034028 0.6517236 -0.0643650 0.7557129
0.000001 0.7371365 0.0400777 1.4622765 0.0040464 0.6591619 -0.0655572 0.7491271
0.000001 0.7860607 0.0389110 1.4674852 0.0062959 0.6652086 -0.0660025 0.7437080
0.000001 0.8360536 0.0376504 1.4720774 0.0084603 0.6699317 -0.0638599 0.7396228
0.000001 0.9011654 0.0350642 1.4782821 0.0094004 0.6740600 -0.0620405 0.7360066
0.000001 0.9676797 0.0326603 1.4856931 0.0098121 0.6755697 -0.0630112 0.7345331
0.000001 1.0346049 0.0304410 1.4933718 0.0091336 0.6762485 -0.0618507 0.7340156
0.000001 1.1029288 0.0278921 1.5008074 0.0090880 0.6762654 -0.0603283 0.7341275
0.000001 1.1573989 0.0260116 1.5075464 0.0095306 0.6761366 -0.0600073 0.7342668
0.000001 1.2123324 0.0242728 1.5144043 0.0099059 0.6758063 -0.0606168 0.7345157
0.000001 1.2684839 0.0219448 1.5208250 0.0103589 0.6753426 -0.0596346 0.7350162
0.000001 1.3244470 0.0201356 1.5273347 0.0100371 0.6745303 -0.0597048 0.7357605
0.000001 1.3809824 0.0183244 1.5344802 0.0093020 0.6740896 -0.0597469 0.7361705
0.000001 1.4520625 0.0156743 1.5428995 0.0112016 0.6732634 -0.0598145 0.7368942
0.000001 1.5235530 0.0133385 1.5514133 0.0104511 0.6726021 -0.0594412 0.7375392
0.000001 1.5952470 0.0111381 1.5605830 0.0094031 0.6714522 -0.0596943 0.7385798
0.000001 1.6680434 0.0088390 1.5698423 0.0088655 0.6706333 -0.0595474 0.7393420
0.000001 1.7409425 0.0069288 1.5797638 0.0085175 0.6699575 -0.0590708 0.7399967
0.000001 1.8002108 0.0046575 1.5877018 0.0087013 0.6696098 -0.0589729 0.7403170
0.000001 1.8745950 0.0022815 1.5978760 0.0088099 0.6688002 -0.0607431 0.7409042
0.000001 1.9496855 0.0001500 1.6074882 0.0083580 0.6681401 -0.0596181 0.7415960
0.000001 2.0247355 -0.0026900 1.6178994 0.0085907 0.6671095 -0.0597307 0.7425115
0.000001 2.1163414 -0.0049821 1.6305914 0.0077102 0.6664386 -0.0609117 0.7430275
0.000001 2.1934373 -0.0071778 1.6419313 0.0080066 0.6661123 -0.0583275 0.7435242
0.000001 2.2711773 -0.0091748 1.6519241 0.0065598 0.6648874 -0.0593852 0.7445502
0.000001 2.3498390 -0.0118330 1.6625925 0.0060847 0.6642362 -0.0621561 0.7449092
0.000001 2.4463243 -0.0140024 1.6778439 0.0070267 0.6632242 -0.0644029 0.7456116
0.000001 2.5276000 -0.0180354 1.6908153 0.0074054 0.6636981 -0.0647213 0.7451584
0.000001 2.6079147 -0.0211886 1.7026424 0.0071095 0.6630130 -0.0672142 0.7455505
0.000001 2.7048099 -0.0241430 1.7165923 0.0065849 0.6620250 -0.0655767 0.7465783
0.000001 2.8038354 -0.0277685 1.7313488 0.0050250 0.6626166 -0.0646221 0.7461488
0.000001 2.9035282 -0.0314770 1.7464397 0.0061697 0.6624362 -0.0648517 0.7462804
0.000001 2.9855053 -0.0334001 1.7585269 0.0049211 0.6623216 -0.0630326 0.7465472
0.000001 3.0856152 -0.0371005 1.7727476 0.0039054 0.6628926 -0.0619435 0.7461374
0.000001 3.1844594 -0.0404724 1.7895187 0.0062177 0.6621647 -0.0643455 0.7465647
0.000001 3.2836096 -0.0432973 1.8035365 0.0045455 0.6620762 -0.0645806 0.7466349
0.000001 3.3828702 -0.0463754 1.8188536 0.0032589 0.6626447 -0.0638694 0.7461984
0.000001 3.4813359 -0.0495791 1.8336902 0.0043540 0.6624557 -0.0650952 0.7462547
0.000001 3.5796206 -0.0527104 1.8486521 0.0041346 0.6622953 -0.0648242 0.7464219
0.000001 3.6780901 -0.0565558 1.8643677 0.0042636 0.6625999 -0.0653022 0.7461091
0.000001 3.7761559 -0.0595596 1.8792794 0.0029493 0.6626346 -0.0661595 0.7460091
0.000001 3.8756442 -0.0628862 1.8951433 0.0026638 0.6627027 -0.0669016 0.7458835
0.000001 3.9577863 -0.0655760 1.9085300 0.0030537 0.6627094 -0.0676119 0.7458120
0.000001 4.0572472 -0.0680464 1.9225004 0.0017458 0.6624321 -0.0676075 0.7460629
0.000001 4.1576862 -0.0728611 1.9363075 0.0051969 0.6632539 -0.0675794 0.7453189
0.000001 4.2407990 -0.0758989 1.9486939 0.0078450 0.6630873 -0.0675257 0.7454488
0.000001 4.3222728 -0.0792015 1.9611095 0.0062490 0.6643925 -0.0649582 0.7445294
0.000001 4.4016991 -0.0820012 1.9733274 0.0055511 0.6644803 -0.0650319 0.7444501
0.000001 4.4974561 -0.0841862 1.9871299 0.0046561 0.6641788 -0.0657524 0.7446620
0.000001 4.5792394 -0.0877498 1.9990815 0.0051072 0.6648066 -0.0651845 0.7441486
0.000001 4.6443377 -0.0901436 2.0088258 0.0044554 0.6654373 -0.0658742 0.7435280
0.000001 4.7096519 -0.0919640 2.0173953 0.0045565 0.6652345 -0.0660462 0.7436936
0.000001 4.7744622 -0.0940826 2.0271688 0.0044735 0.6657009 -0.0659620 0.7432842
0.000001 4.8397036 -0.0961785 2.0360827 0.0043905 0.6655819 -0.0664883 0.7433443
0.000001 4.9047842 -0.0984525 2.0453744 0.0045997 0.6656038 -0.0669610 0.7432810
0.000001 4.9700799 -0.1008527 2.0544119 0.0049258 0.6657806 -0.0667759 0.7431372
0.000001 5.0354085 -0.1032169 2.0636883 0.0046641 0.6658120 -0.0663923 0.7431452
0.000001 5.1002612 -0.1056484 2.0728090 0.0046111 0.6659471 -0.0662515 0.7430370
0.000001 5.1647730 -0.1077959 2.0814481 0.0044285 0.6656102 -0.0667622 0.7432942
0.000001 5.2299871 -0.1100301 2.0916591 0.0040796 0.6656648 -0.0673669 0.7431927
0.000001 5.3110638 -0.1127348 2.1025324 0.0033652 0.6655794 -0.0675463 0.7432565
0.000001 5.3921037 -0.1152972 2.1137612 0.0031400 0.6651781 -0.0676479 0.7436075
0.000001 5.4736257 -0.1185206 2.1255207 0.0024981 0.6652787 -0.0677806 0.7435077
0.000001 5.5556421 -0.1215104 2.1370623 0.0028274 0.6653950 -0.0677410 0.7434061
0.000001 5.6523824 -0.1251505 2.1527145 0.0046184 0.6654074 -0.0666891 0.7434812
0.000001 5.7510643 -0.1284465 2.1647217 0.0052021 0.6643371 -0.0651888 0.7445667
0.000001 5.8471360 -0.1310634 2.1796439 0.0041107 0.6637396 -0.0656562 0.7450652
0.000001 5.9438787 -0.1347349 2.1949363 0.0041496 0.6636702 -0.0652558 0.7451619
0.000001 6.0237617 -0.1377087 2.2066846 0.0034763 0.6633208 -0.0664542 0.7453706
0.000001 6.1028442 -0.1395811 2.2180498 0.0032093 0.6629301 -0.0657667 0.7457802
0.000001 6.1820879 -0.1419866 2.2302380 0.0022730 0.6632029 -0.0645679 0.7456459
0.000001 6.2458835 -0.1439161 2.2402349 0.0033347 0.6634733 -0.0642654 0.7454274
0.000001 6.3251467 -0.1455333 2.2541194 0.0042909 0.6634066 -0.0644653 0.7454646
0.000001 6.3898320 -0.1472772 2.2612638 0.0035512 0.6643978 -0.0620215 0.7447928
0.000001 6.4690127 -0.1489362 2.2727468 0.0011594 0.6651469 -0.0589017 0.7443849
0.000001 6.5164623 -0.1498227 2.2805028 0.0000456 0.6648380 -0.0589504 0.7446578
0.000001 6.5637927 -0.1504432 2.2863755 0.0001371 0.6639600 -0.0591656 0.7454237
0.000001 6.6266570 -0.1525884 2.2959900 0.0002512 0.6649118 -0.0604977 0.7444678
0.000001 6.6735115 -0.1530554 2.3023887 -0.0003853 0.6650957 -0.0607301 0.7442845
0.000001 6.7357707 -0.1543507 2.3112235 -0.0020468 0.6654813 -0.0603406 0.7439687
0.000001 6.7980142 -0.1549386 2.3197970 -0.0039483 0.6659600 -0.0593566 0.7436118
0.000001 6.8598151 -0.1555453 2.3284011 -0.0067564 0.6654394 -0.0589925 0.7440864
0.000001 6.9214730 -0.1565371 2.3377795 -0.0076553 0.6660029 -0.0599139 0.7434997
0.000001 6.9838409 -0.1576384 2.3448880 -0.0063243 0.6657836 -0.0605293 0.7436588
0.000001 7.0447030 -0.1576391 2.3547969 -0.0065421 0.6659153 -0.0612403 0.7434808
0.000001 7.1209631 -0.1590930 2.3651583 -0.0079985 0.6659548 -0.0604739 0.7434939
0.000001 7.1973372 -0.1604915 2.3758512 -0.0070922 0.6663017 -0.0602177 0.7432131
