20170927.135946 0.0000000 0.0000000 0.0000000 0.0000000 0.0000000 0.0000000 1.0000000
20170927.135951 0.0015768 0.0039948 0.0438248 -0.0004402 0.0102872 0.0000329 0.9999470
20170927.135952 0.0026879 0.0047460 0.0554515 -0.0010523 0.0123466 0.0005883 0.9999231
20170927.135953 0.0032623 0.0058262 0.0663400 -0.0014296 0.0150656 0.0009178 0.9998851
20170927.135958 0.0064745 0.0104899 0.1111905 -0.0046084 0.0238398 0.0003308 0.9997051
20170927.140000 0.0075878 0.0126492 0.1337906 -0.0069412 0.0287531 -0.0013874 0.9995615
20170927.140004 0.0097547 0.0154489 0.1687807 -0.0099608 0.0344705 -0.0037998 0.9993489
20170927.140011 0.0151122 0.0224405 0.2400970 -0.0136319 0.0426253 -0.0055980 0.9989824
20170927.140015 0.0185273 0.0278265 0.2887733 -0.0147132 0.0453801 -0.0054592 0.9988465
20170927.140020 0.0221331 0.0331722 0.3393478 -0.0169708 0.0471322 -0.0057411 0.9987280
20170927.140024 0.0255361 0.0378586 0.3904213 -0.0172872 0.0468617 -0.0072580 0.9987254
20170927.140029 0.0284218 0.0429392 0.4430512 -0.0152943 0.0454589 -0.0096455 0.9988025
20170927.140033 0.0311817 0.0482437 0.4964052 -0.0141289 0.0449509 -0.0107515 0.9988314
20170927.140039 0.0352136 0.0550157 0.5634555 -0.0138758 0.0438100 -0.0111962 0.9988807
20170927.140045 0.0393181 0.0613150 0.6311642 -0.0139389 0.0435066 -0.0091611 0.9989139
20170927.140051 0.0430396 0.0669566 0.7010075 -0.0129360 0.0438037 -0.0064491 0.9989356
20170927.140056 0.0479528 0.0733199 0.7711021 -0.0091569 0.0416638 -0.0045545 0.9990793
20170927.140103 0.0529855 0.0806981 0.8560765 -0.0079275 0.0411935 -0.0012629 0.9991189
20170927.140109 0.0578478 0.0877755 0.9283807 -0.0084859 0.0406594 -0.0004021 0.9991369
20170927.140116 0.0616020 0.0935525 1.0134581 -0.0107434 0.0420066 0.0029700 0.9990551
20170927.140122 0.0646537 0.0995180 1.0936033 -0.0086189 0.0401781 0.0022388 0.9991528
20170927.140130 0.0689018 0.1063207 1.1834357 -0.0080370 0.0379181 0.0032533 0.9992433
20170927.140138 0.0714844 0.1117128 1.2698212 -0.0049341 0.0353706 0.0024705 0.9993590
20170927.140148 0.0745898 0.1191341 1.3661019 -0.0034403 0.0325905 0.0044490 0.9994529
20170927.140157 0.0774213 0.1290823 1.4628477 -0.0134974 0.0318248 -0.0004867 0.9994022
20170927.140205 0.0803703 0.1345231 1.5473288 -0.0110288 0.0320490 0.0034670 0.9994195
20170927.140214 0.0841034 0.1431692 1.6448832 -0.0090165 0.0290436 0.0004369 0.9995374
20170927.140222 0.0862989 0.1499450 1.7304859 -0.0080615 0.0292400 0.0025072 0.9995368
20170927.140230 0.0890771 0.1575676 1.8198042 -0.0074680 0.0295784 0.0006842 0.9995343
20170927.140239 0.0921958 0.1649764 1.9122597 -0.0064368 0.0299391 0.0017449 0.9995295
20170927.140247 0.0950509 0.1730591 2.0081370 -0.0056246 0.0305229 0.0021357 0.9995160
20170927.140255 0.0985256 0.1816789 2.1072054 -0.0049897 0.0304807 0.0003487 0.9995228
20170927.140304 0.1033787 0.1914926 2.2238939 -0.0077431 0.0313493 0.0002619 0.9994785
20170927.140313 0.1083807 0.2026929 2.3444440 -0.0104944 0.0320425 0.0034109 0.9994256
20170927.140322 0.1131811 0.2126474 2.4681602 -0.0102812 0.0327754 0.0059082 0.9993924
20170927.140330 0.1187569 0.2232624 2.5757973 -0.0098623 0.0334830 0.0080813 0.9993579
20170927.140337 0.1223058 0.2305784 2.6702640 -0.0102751 0.0352276 0.0074702 0.9992986
20170927.140344 0.1272933 0.2380732 2.7647626 -0.0075204 0.0364055 0.0095156 0.9992635
20170927.140350 0.1310851 0.2449021 2.8436153 -0.0089201 0.0382283 0.0103957 0.9991751
20170927.140354 0.1342138 0.2497626 2.9067063 -0.0097766 0.0392972 0.0112566 0.9991163
20170927.140359 0.1378021 0.2555028 2.9692369 -0.0092419 0.0394841 0.0118873 0.9991068
20170927.140405 0.1421445 0.2619009 3.0459161 -0.0087364 0.0409039 0.0167634 0.9989843
20170927.140408 0.1439590 0.2655689 3.0912058 -0.0078833 0.0397284 0.0165518 0.9990423
20170927.140412 0.1465364 0.2693729 3.1369672 -0.0087054 0.0391410 0.0145772 0.9990894
20170927.140415 0.1486009 0.2734328 3.1822786 -0.0091247 0.0393719 0.0155326 0.9990622
20170927.140419 0.1507533 0.2769346 3.2266870 -0.0101801 0.0380084 0.0153787 0.9991072
20170927.140422 0.1524133 0.2804026 3.2714348 -0.0105465 0.0375451 0.0145560 0.9991332
20170927.140426 0.1546772 0.2841399 3.3154044 -0.0106338 0.0377480 0.0130836 0.9991450
20170927.140429 0.1563535 0.2881131 3.3595684 -0.0109730 0.0380583 0.0134414 0.9991249
20170927.140433 0.1584951 0.2919488 3.4039118 -0.0110830 0.0375872 0.0118921 0.9991611
20170927.140436 0.1601561 0.2954761 3.4475441 -0.0109486 0.0374936 0.0116363 0.9991691
20170927.140440 0.1620442 0.2990014 3.4916732 -0.0101362 0.0370314 0.0107471 0.9992049
20170927.140443 0.1635912 0.3029031 3.5349698 -0.0090681 0.0373222 0.0086210 0.9992250
20170927.140447 0.1655001 0.3061625 3.5773666 -0.0090730 0.0370114 0.0100018 0.9992236
20170927.140451 0.1684324 0.3112017 3.6349795 -0.0089771 0.0366648 0.0081499 0.9992540
20170927.140455 0.1700786 0.3149558 3.6775315 -0.0095703 0.0372617 0.0082942 0.9992253
20170927.140458 0.1712472 0.3183598 3.7192965 -0.0108874 0.0380505 0.0090257 0.9991757
20170927.140503 0.1748771 0.3242781 3.7765563 -0.0125039 0.0366951 0.0106071 0.9991920
20170927.140507 0.1768681 0.3287635 3.8331130 -0.0129911 0.0370614 0.0111748 0.9991661
20170927.140512 0.1792386 0.3330249 3.8902180 -0.0097044 0.0371681 0.0092198 0.9992194
20170927.140516 0.1816210 0.3378144 3.9458063 -0.0087085 0.0365314 0.0075380 0.9992661
20170927.140522 0.1848530 0.3443981 4.0149283 -0.0106106 0.0360906 0.0069838 0.9992678
20170927.140527 0.1858315 0.3489098 4.0713825 -0.0110540 0.0374322 0.0055326 0.9992227
20170927.140532 0.1896607 0.3549806 4.1397257 -0.0098268 0.0373665 0.0094377 0.9992087
20170927.140538 0.1934851 0.3608178 4.2081642 -0.0129230 0.0384775 0.0117554 0.9991068
20170927.140544 0.1964045 0.3656875 4.2764945 -0.0108871 0.0388387 0.0115760 0.9991191
20170927.140550 0.2000695 0.3720447 4.3429337 -0.0070339 0.0377866 0.0121708 0.9991869
20170927.140554 0.2020797 0.3765722 4.3953519 -0.0097226 0.0381207 0.0083904 0.9991906
20170927.140600 0.2050261 0.3815517 4.4624648 -0.0103747 0.0368648 0.0071323 0.9992409
20170927.140607 0.2085850 0.3884509 4.5405231 -0.0115331 0.0375708 0.0060827 0.9992089
20170927.140613 0.2118585 0.3946745 4.6054378 -0.0142903 0.0370075 0.0039963 0.9992048
20170927.140618 0.2147751 0.4006291 4.6703959 -0.0147776 0.0361729 0.0031364 0.9992313
20170927.140623 0.2165914 0.4055218 4.7216673 -0.0152013 0.0361260 0.0039532 0.9992238
20170927.140629 0.2196823 0.4120995 4.7858396 -0.0176356 0.0360759 0.0016278 0.9991921
20170927.140635 0.2223341 0.4184494 4.8503060 -0.0179281 0.0356584 0.0025530 0.9991999
20170927.140640 0.2253584 0.4246334 4.9141407 -0.0173634 0.0349441 0.0026394 0.9992349
20170927.140646 0.2274450 0.4310379 4.9782877 -0.0182384 0.0351713 0.0023315 0.9992121
20170927.140651 0.2305995 0.4363219 5.0304308 -0.0190622 0.0348071 0.0043551 0.9992027
20170927.140655 0.2322741 0.4418812 5.0817413 -0.0193908 0.0348864 0.0049691 0.9991908
20170927.140659 0.2338225 0.4463746 5.1197405 -0.0201205 0.0350166 0.0046236 0.9991735
20170927.140702 0.2359053 0.4501632 5.1579223 -0.0209744 0.0353910 0.0051736 0.9991400
20170927.140707 0.2376350 0.4556248 5.2081103 -0.0223914 0.0356904 0.0060375 0.9990938
20170927.140712 0.2402840 0.4611550 5.2581615 -0.0240566 0.0358232 0.0064005 0.9990481
20170927.140716 0.2420669 0.4670500 5.3074551 -0.0253994 0.0358416 0.0062792 0.9990149
20170927.140721 0.2443505 0.4723974 5.3566899 -0.0266559 0.0360271 0.0069533 0.9989710
20170927.140725 0.2464966 0.4782627 5.4054136 -0.0275028 0.0360426 0.0070014 0.9989472
20170927.140731 0.2490352 0.4857117 5.4655647 -0.0290627 0.0360168 0.0045020 0.9989184
20170927.140738 0.2520745 0.4938312 5.5377736 -0.0282250 0.0362369 0.0041170 0.9989361
20170927.140744 0.2547008 0.5011249 5.5972714 -0.0275765 0.0370600 0.0017837 0.9989309
20170927.140750 0.2575497 0.5084137 5.6563931 -0.0286483 0.0375968 0.0017439 0.9988807
20170927.140757 0.2612489 0.5171247 5.7264833 -0.0302987 0.0383462 0.0002726 0.9988050
20170927.140804 0.2657188 0.5263964 5.7964072 -0.0326950 0.0385779 -0.0010911 0.9987200
20170927.140810 0.2680500 0.5362251 5.8678303 -0.0346320 0.0401478 -0.0035763 0.9985870
20170927.140817 0.2713735 0.5459198 5.9382339 -0.0343054 0.0400321 -0.0044582 0.9985994
20170927.140825 0.2761101 0.5572700 6.0204034 -0.0354860 0.0412081 -0.0045710 0.9985098
20170927.140832 0.2805493 0.5664982 6.0904560 -0.0370762 0.0421521 -0.0031515 0.9984180
20170927.140839 0.2849158 0.5758981 6.1607318 -0.0363162 0.0434074 -0.0000470 0.9983972
20170927.140846 0.2889017 0.5857664 6.2289209 -0.0380120 0.0452900 0.0042979 0.9982412
20170927.140853 0.2936892 0.5947196 6.2984848 -0.0385891 0.0457303 0.0047797 0.9981968
20170927.140900 0.2978759 0.6050520 6.3666711 -0.0394395 0.0461601 0.0041528 0.9981465
20170927.140907 0.3023797 0.6153088 6.4337420 -0.0440967 0.0475451 0.0045914 0.9978847
20170927.140914 0.3077051 0.6250862 6.5002766 -0.0454047 0.0482161 0.0064068 0.9977838
20170927.140921 0.3121913 0.6354854 6.5652804 -0.0452868 0.0475883 0.0086990 0.9978020
20170927.140927 0.3162588 0.6437693 6.6186872 -0.0467810 0.0478580 0.0115383 0.9976913
20170927.140933 0.3202241 0.6532434 6.6816082 -0.0462066 0.0482571 0.0166356 0.9976269
20170927.140939 0.3230946 0.6615116 6.7332244 -0.0465879 0.0481968 0.0177016 0.9975938
20170927.140945 0.3265977 0.6699731 6.7844796 -0.0498106 0.0483454 0.0188302 0.9974102
20170927.140951 0.3300759 0.6784021 6.8343673 -0.0501150 0.0467493 0.0197063 0.9974541
20170927.140957 0.3325544 0.6859811 6.8844614 -0.0505812 0.0464524 0.0178066 0.9974802
20170927.141002 0.3350930 0.6939194 6.9332290 -0.0514767 0.0461281 0.0176077 0.9974529
20170927.141007 0.3375363 0.7005763 6.9716716 -0.0519005 0.0458891 0.0176134 0.9974419
20170927.141012 0.3397518 0.7069587 7.0097284 -0.0520298 0.0451099 0.0168881 0.9974833
20170927.141015 0.3415416 0.7115049 7.0381312 -0.0521242 0.0447655 0.0161882 0.9975054
20170927.141018 0.3424394 0.7161322 7.0656953 -0.0521058 0.0451261 0.0157330 0.9974974
20170927.141023 0.3447775 0.7223187 7.1026807 -0.0528004 0.0441526 0.0147501 0.9975195
20170927.141028 0.3472593 0.7288629 7.1393623 -0.0538396 0.0435934 0.0133314 0.9975085
20170927.141032 0.3487029 0.7347809 7.1754093 -0.0547328 0.0444800 0.0125004 0.9974315
20170927.141037 0.3516364 0.7409853 7.2116356 -0.0552796 0.0443180 0.0134025 0.9973968
20170927.141041 0.3533893 0.7472502 7.2469678 -0.0551188 0.0449899 0.0121861 0.9973913
20170927.141047 0.3558634 0.7546712 7.2917223 -0.0543726 0.0452093 0.0095846 0.9974507
20170927.141052 0.3581186 0.7605903 7.3265314 -0.0535595 0.0455063 0.0084096 0.9974918
20170927.141058 0.3608964 0.7678884 7.3691769 -0.0527681 0.0458198 0.0091322 0.9975132
20170927.141103 0.3631747 0.7749164 7.4119573 -0.0537959 0.0471550 0.0065737 0.9974163
20170927.141109 0.3660196 0.7814714 7.4535508 -0.0540548 0.0480741 0.0046979 0.9973690
20170927.141114 0.3681653 0.7876198 7.4862132 -0.0539098 0.0479400 0.0052090 0.9973807
20170927.141118 0.3710557 0.7929106 7.5189285 -0.0547009 0.0482705 0.0044122 0.9973255
20170927.141123 0.3728433 0.7979875 7.5520458 -0.0562322 0.0493675 0.0034280 0.9971906
20170927.141127 0.3752418 0.8036861 7.5844564 -0.0562072 0.0500049 0.0030103 0.9971616
20170927.141132 0.3773659 0.8094962 7.6156449 -0.0547124 0.0501119 0.0019019 0.9972421
20170927.141138 0.3803067 0.8164851 7.6548243 -0.0541662 0.0506015 0.0012140 0.9972482
20170927.141144 0.3831877 0.8228481 7.6936445 -0.0538838 0.0517643 0.0007038 0.9972044
20170927.141149 0.3862724 0.8294038 7.7321787 -0.0536220 0.0527728 -0.0003780 0.9971657
20170927.141155 0.3894920 0.8358480 7.7702060 -0.0535652 0.0541282 -0.0020067 0.9970942
20170927.141201 0.3924713 0.8422943 7.8076787 -0.0531845 0.0549375 -0.0024253 0.9970694
20170927.141205 0.3950726 0.8473014 7.8372507 -0.0536003 0.0567729 -0.0026016 0.9969439
20170927.141211 0.3988970 0.8530482 7.8739681 -0.0534703 0.0578334 -0.0026532 0.9968898
20170927.141217 0.4024020 0.8589635 7.9099422 -0.0527012 0.0598226 -0.0036984 0.9968100
20170927.141223 0.4062052 0.8649959 7.9450293 -0.0525134 0.0617130 -0.0041513 0.9967028
20170927.141228 0.4099207 0.8715524 7.9795718 -0.0540186 0.0651037 -0.0029658 0.9964109
20170927.141234 0.4143551 0.8775835 8.0138111 -0.0555332 0.0678974 -0.0013344 0.9961447
20170927.141240 0.4183419 0.8833389 8.0475321 -0.0564153 0.0710859 -0.0003245 0.9958735
20170927.141246 0.4231667 0.8892513 8.0806141 -0.0568271 0.0733339 0.0001922 0.9956871
20170927.141253 0.4285285 0.8963962 8.1188431 -0.0577974 0.0767355 0.0030873 0.9953701
20170927.141260 0.4340449 0.9035307 8.1565247 -0.0606872 0.0817247 0.0069905 0.9947810
20170927.141307 0.4402022 0.9097200 8.1930046 -0.0607089 0.0848685 0.0061148 0.9945222
20170927.141313 0.4452636 0.9153933 8.2265072 -0.0566956 0.0883770 0.0063007 0.9944523
20170927.141320 0.4516915 0.9210688 8.2590466 -0.0531694 0.0916723 0.0085597 0.9943319
20170927.141327 0.4566759 0.9263440 8.2885561 -0.0522901 0.0960097 0.0100550 0.9939551
20170927.141335 0.4636509 0.9325347 8.3226719 -0.0536247 0.1006474 0.0121616 0.9934015
20170927.141343 0.4700084 0.9378131 8.3545084 -0.0542203 0.1049271 0.0137480 0.9929056
20170927.141359 0.4830792 0.9487190 8.4141626 -0.0564460 0.1162516 0.0144171 0.9915097
20170927.141407 0.4899570 0.9537116 8.4415598 -0.0579619 0.1234875 0.0144339 0.9905468
20170927.141415 0.4979337 0.9582925 8.4661379 -0.0587447 0.1310392 0.0206645 0.9894194
20170927.141423 0.5045782 0.9623908 8.4889050 -0.0590439 0.1382522 0.0219805 0.9883911
20170927.141504 0.5345082 0.9757762 8.5705481 -0.0549359 0.1856848 0.0189423 0.9808896
20170927.141520 0.5466537 0.9800436 8.5948048 -0.0528873 0.2090011 0.0125474 0.9764037
20170927.141551 0.5763052 0.9867917 8.6420212 -0.0448238 0.2639798 0.0041713 0.9634771
20170927.141604 0.5953717 0.9912862 8.6665936 -0.0422259 0.2903765 -0.0024267 0.9559773
20170927.141611 0.6074021 0.9928757 8.6796684 -0.0434855 0.3076497 -0.0073779 0.9504769
20170927.141618 0.6217227 0.9944226 8.6920414 -0.0434119 0.3300510 -0.0128968 0.9428762
20170927.141624 0.6374359 0.9952449 8.7048254 -0.0452687 0.3579399 -0.0186820 0.9324595
20170927.141631 0.6555581 0.9942522 8.7139549 -0.0475246 0.3883589 -0.0253373 0.9199330
20170927.141637 0.6724701 0.9941176 8.7224655 -0.0484210 0.4180771 -0.0285792 0.9066698
20170927.141643 0.6925979 0.9933267 8.7328482 -0.0497811 0.4484105 -0.0374660 0.8916536
20170927.141648 0.7150536 0.9930241 8.7406902 -0.0507670 0.4771543 -0.0489539 0.8759851
20170927.141653 0.7348912 0.9919565 8.7464409 -0.0516334 0.5011566 -0.0540667 0.8621211
20170927.141658 0.7613506 0.9925385 8.7535305 -0.0525514 0.5325711 -0.0617932 0.8424891
20170927.141704 0.7887619 0.9919109 8.7599516 -0.0533207 0.5625553 -0.0729063 0.8218109
20170927.141708 0.8044248 0.9911021 8.7632618 -0.0547924 0.5802259 -0.0802336 0.8086397
20170927.141711 0.8251185 0.9892573 8.7671509 -0.0568760 0.5963439 -0.0859592 0.7960842
20170927.141716 0.8542722 0.9891074 8.7746744 -0.0586432 0.6166346 -0.0977450 0.7789536
20170927.141719 0.8771131 0.9894986 8.7809458 -0.0604786 0.6316386 -0.1093704 0.7651230
20170927.141722 0.9005219 0.9887925 8.7870359 -0.0628821 0.6457977 -0.1211010 0.7512162
20170927.141729 0.9495514 0.9897007 8.7996149 -0.0657383 0.6705825 -0.1476493 0.7240147
20170927.141734 0.9815018 0.9867869 8.8074608 -0.0662256 0.6844608 -0.1585098 0.7085211
20170927.141736 0.9825706 0.9866165 8.8074312 -0.0650882 0.6887593 -0.1583310 0.7044895
20170927.141739 0.9837092 0.9865205 8.8073311 -0.0640857 0.6922346 -0.1585439 0.7011192
20170927.141741 0.9845859 0.9864897 8.8073854 -0.0633965 0.6960340 -0.1595752 0.6971752
20170927.141748 0.9877567 0.9862018 8.8072968 -0.0603315 0.7031336 -0.1607516 0.6900160
20170927.141757 0.9921425 0.9858301 8.8071957 -0.0574914 0.7087985 -0.1608428 0.6844188
20170927.141803 0.9950031 0.9855754 8.8071489 -0.0560763 0.7095670 -0.1613911 0.6836104
20170927.141809 0.9979322 0.9853348 8.8071260 -0.0564578 0.7102004 -0.1630661 0.6825228
20170927.141812 0.9997402 0.9851589 8.8071003 -0.0568107 0.7109591 -0.1632912 0.6816492
20170927.141815 1.0015371 0.9850078 8.8070908 -0.0562577 0.7115090 -0.1637047 0.6810219
20170927.141819 1.0034006 0.9848449 8.8070450 -0.0562385 0.7120913 -0.1638801 0.6803724
20170927.141823 1.0059031 0.9846104 8.8070049 -0.0563397 0.7129287 -0.1632110 0.6796475
20170927.141827 1.0078373 0.9844582 8.8069649 -0.0569887 0.7134333 -0.1639291 0.6788906
20170927.141831 1.0104705 0.9842271 8.8068647 -0.0568879 0.7140230 -0.1630853 0.6784822
20170927.141835 1.0124221 0.9840494 8.8068199 -0.0563644 0.7147946 -0.1613419 0.6781302
20170927.141840 1.0150774 0.9838195 8.8067589 -0.0559983 0.7151928 -0.1602763 0.6779933
20170927.141845 1.0184925 0.9835283 8.8066807 -0.0561620 0.7154799 -0.1603455 0.6776604
20170927.141850 1.0212893 0.9832748 8.8065901 -0.0551487 0.7155262 -0.1593758 0.6779235
20170927.141856 1.0248814 0.9829571 8.8064842 -0.0540156 0.7156544 -0.1585600 0.6780707
20170927.141901 1.0285051 0.9826502 8.8063669 -0.0547203 0.7154419 -0.1592069 0.6780868
20170927.141908 1.0328602 0.9822686 8.8062716 -0.0545054 0.7157637 -0.1585924 0.6779085
20170927.141915 1.0372216 0.9819025 8.8061895 -0.0547701 0.7171628 -0.1553556 0.6771575
20170927.141922 1.0416062 0.9815199 8.8060846 -0.0549806 0.7157560 -0.1569378 0.6782632
20170927.141928 1.0452740 0.9811867 8.8060246 -0.0538303 0.7148587 -0.1585932 0.6789165
20170927.141935 1.0495780 0.9808092 8.8059721 -0.0538578 0.7140870 -0.1579682 0.6798714
20170927.141942 1.0539112 0.9804629 8.8058939 -0.0558080 0.7139894 -0.1563592 0.6801885
20170927.141949 1.0582590 0.9800823 8.8058128 -0.0558416 0.7127709 -0.1570218 0.6813102
20170927.141957 1.0632770 0.9796777 8.8058014 -0.0561943 0.7112627 -0.1595995 0.6822577
20170927.142005 1.0682675 0.9792792 8.8057508 -0.0596256 0.7110878 -0.1591143 0.6822621
20170927.142013 1.0731891 0.9788780 8.8057337 -0.0611294 0.7103611 -0.1606066 0.6825363
20170927.142021 1.0780845 0.9784488 8.8057070 -0.0605465 0.7104992 -0.1625956 0.6819734
20170927.142029 1.0829191 0.9781089 8.8057041 -0.0611513 0.7114969 -0.1631517 0.6807454
20170927.142037 1.0876119 0.9776627 8.8056440 -0.0613021 0.7123854 -0.1630138 0.6798349
20170927.142047 1.0927579 0.9772073 8.8055630 -0.0607106 0.7135544 -0.1641558 0.6783857
20170927.142056 1.0976253 0.9767540 8.8054323 -0.0609918 0.7155794 -0.1638262 0.6763040
20170927.142105 1.1022592 0.9763253 8.8052759 -0.0596053 0.7191346 -0.1632870 0.6727778
20170927.142111 1.1050855 0.9760140 8.8051071 -0.0594236 0.7219900 -0.1632337 0.6697417
20170927.142120 1.1094675 0.9755229 8.8047953 -0.0572568 0.7281141 -0.1639450 0.6630939
20170927.142129 1.1135662 0.9750237 8.8044844 -0.0523536 0.7367280 -0.1681904 0.6528422
20170927.142138 1.1173924 0.9745109 8.8039436 -0.0483344 0.7483957 -0.1712842 0.6389283
20170927.142147 1.1208940 0.9739276 8.8033237 -0.0448403 0.7633978 -0.1771482 0.6195416
20170927.142156 1.1241270 0.9732592 8.8024263 -0.0407871 0.7827016 -0.1814881 0.5939500
20170927.142206 1.1270392 0.9724504 8.8012066 -0.0376854 0.8042650 -0.1846887 0.5635846
20170927.142211 1.1287634 0.9718990 8.8003645 -0.0361420 0.8197973 -0.1891307 0.5393104
20170927.142216 1.1300559 0.9714147 8.7995481 -0.0331316 0.8324965 -0.1907346 0.5191072
20170927.142221 1.1317019 0.9707990 8.7985487 -0.0310239 0.8497001 -0.1937441 0.4893981
20170927.142227 1.1333511 0.9702225 8.7973175 -0.0282921 0.8668157 -0.1988010 0.4564080
20170927.142233 1.1347106 0.9695723 8.7959242 -0.0244176 0.8823687 -0.2028039 0.4239101
20170927.142239 1.1359422 0.9688675 8.7944508 -0.0197341 0.8989533 -0.1992545 0.3896040
20170927.142244 1.1372342 0.9680275 8.7928247 -0.0151192 0.9137755 -0.1958217 0.3555834
20170927.142248 1.1378548 0.9675488 8.7918234 -0.0144806 0.9211965 -0.1969688 0.3352472
20170927.142252 1.1387451 0.9669160 8.7903957 -0.0146921 0.9307475 -0.1984306 0.3067875
20170927.142257 1.1396356 0.9662280 8.7888746 -0.0146575 0.9397714 -0.1981115 0.2781487
20170927.142301 1.1404140 0.9654711 8.7872515 -0.0139315 0.9474001 -0.1982502 0.2508702
20170927.142306 1.1410642 0.9647756 8.7855015 -0.0100192 0.9538466 -0.1984226 0.2251771
20170927.142310 1.1416554 0.9640386 8.7837238 -0.0094215 0.9595305 -0.1978519 0.2001675
20170927.142314 1.1420543 0.9634889 8.7823687 -0.0087742 0.9633020 -0.1975470 0.1815143
20170927.142318 1.1425526 0.9627391 8.7804298 -0.0068357 0.9672586 -0.1981698 0.1584070
20170927.142323 1.1429055 0.9619873 8.7784929 -0.0032652 0.9700929 -0.2001075 0.1373539
20170927.142328 1.1432598 0.9612119 8.7764425 0.0020535 0.9723517 -0.2025927 0.1161209
20170927.142332 1.1435275 0.9604611 8.7743216 0.0060233 0.9741747 -0.2028866 0.0989164
20170927.142337 1.1438229 0.9596329 8.7720890 0.0081944 0.9759008 -0.2017092 0.0828479
20170927.142341 1.1440835 0.9587870 8.7697983 0.0104014 0.9769459 -0.2018048 0.0688720
20170927.142346 1.1443038 0.9579098 8.7674294 0.0135093 0.9774843 -0.2025519 0.0575734
20170927.142350 1.1444643 0.9572265 8.7655659 0.0155022 0.9778221 -0.2028453 0.0497731
20170927.142353 1.1446242 0.9565291 8.7636738 0.0169045 0.9780195 -0.2033249 0.0430233
20170927.142358 1.1447749 0.9555292 8.7610321 0.0187929 0.9780911 -0.2042107 0.0358130
20170927.142403 1.1449460 0.9543016 8.7575912 0.0200300 0.9780311 -0.2056047 0.0279399
20170927.142409 1.1451895 0.9530263 8.7540712 0.0246237 0.9781697 -0.2049794 0.0236897
20170927.142415 1.1454122 0.9516571 8.7504158 0.0271224 0.9782839 -0.2043358 0.0217235
20170927.142421 1.1456864 0.9502199 8.7466774 0.0250919 0.9783013 -0.2046384 0.0204947
20170927.142427 1.1459938 0.9485414 8.7420044 0.0248462 0.9780749 -0.2057148 0.0208220
20170927.142434 1.1462996 0.9467626 8.7372141 0.0262639 0.9783337 -0.2044132 0.0197169
20170927.142441 1.1466212 0.9449909 8.7323885 0.0260518 0.9784565 -0.2038910 0.0193031
20170927.142448 1.1469690 0.9431686 8.7275620 0.0269271 0.9784279 -0.2039355 0.0190787
20170927.142453 1.1471176 0.9419758 8.7243137 0.0264326 0.9785866 -0.2032252 0.0192152
20170927.142458 1.1474174 0.9404697 8.7202606 0.0273600 0.9786527 -0.2028290 0.0187280
20170927.142505 1.1477311 0.9386721 8.7153664 0.0269467 0.9783902 -0.2041816 0.0183412
20170927.142512 1.1480451 0.9368429 8.7104206 0.0257550 0.9784604 -0.2039925 0.0184103
20170927.142519 1.1483341 0.9350183 8.7053871 0.0253407 0.9787907 -0.2024644 0.0182968
20170927.142525 1.1485980 0.9334671 8.7011881 0.0248803 0.9787345 -0.2027652 0.0186011
20170927.142530 1.1488889 0.9318974 8.6969194 0.0247407 0.9784480 -0.2041373 0.0188526
20170927.142537 1.1492045 0.9299819 8.6917477 0.0257671 0.9785163 -0.2036992 0.0186682
20170927.142544 1.1495428 0.9280365 8.6865005 0.0255445 0.9783992 -0.2042165 0.0194429
20170927.142551 1.1499262 0.9260771 8.6812315 0.0239427 0.9784567 -0.2040578 0.0202409
20170927.142558 1.1502631 0.9241068 8.6757193 0.0258518 0.9787613 -0.2022444 0.0213385
20170927.142604 1.1505980 0.9223938 8.6710892 0.0243642 0.9786954 -0.2026488 0.0222531
20170927.142610 1.1508975 0.9206114 8.6664762 0.0204483 0.9782806 -0.2048553 0.0241510
20170927.142616 1.1514233 0.9184511 8.6606379 0.0206845 0.9779330 -0.2063858 0.0249801
20170927.142623 1.1518984 0.9162896 8.6548986 0.0179371 0.9777037 -0.2075452 0.0264326
20170927.142629 1.1523359 0.9143810 8.6499510 0.0179017 0.9777507 -0.2072015 0.0273993
20170927.142636 1.1528364 0.9121938 8.6439867 0.0185794 0.9783538 -0.2042892 0.0272865
20170927.142643 1.1533800 0.9099336 8.6379833 0.0186462 0.9780684 -0.2053982 0.0290863
20170927.142648 1.1538291 0.9080744 8.6329603 0.0187906 0.9783173 -0.2040832 0.0298706
20170927.142654 1.1542954 0.9061670 8.6278677 0.0186859 0.9788548 -0.2014312 0.0303260
20170927.142660 1.1547549 0.9042783 8.6228046 0.0178993 0.9784238 -0.2033994 0.0315443
