
1.636123e+05
1.636134e+05
1.636135e+05
1.636136e+05
1.636137e+05
1.636138e+05
1.636139e+05
1.636141e+05
1.636142e+05
1.636143e+05
1.636144e+05
1.636145e+05
1.636147e+05
1.636148e+05
1.636150e+05
1.636151e+05
1.636152e+05
1.636153e+05
1.636155e+05
1.636156e+05
1.636158e+05
1.636159e+05
1.636160e+05
1.636162e+05
1.636163e+05
1.636164e+05
1.636166e+05
1.636167e+05
1.636168e+05
1.636170e+05
1.636171e+05
1.636172e+05
1.636173e+05
1.636175e+05
1.636176e+05
1.636177e+05
1.636179e+05
1.636180e+05
1.636181e+05
1.636183e+05
1.636184e+05
1.636185e+05
1.636187e+05
1.636188e+05
1.636190e+05
1.636191e+05
1.636192e+05
1.636193e+05
1.636195e+05
1.636196e+05
1.636197e+05
1.636199e+05
1.636200e+05
1.636201e+05
1.636203e+05
1.636204e+05
1.636205e+05
1.636207e+05
1.636208e+05
1.636210e+05
1.636211e+05
1.636212e+05
1.636213e+05
1.636215e+05
1.636216e+05
1.636217e+05
1.636218e+05
1.636219e+05
1.636221e+05
1.636222e+05
1.636223e+05
1.636225e+05
1.636226e+05
1.636227e+05
1.636228e+05
1.636230e+05
1.636231e+05
1.636232e+05
1.636233e+05
1.636234e+05
1.636236e+05
1.636237e+05
1.636238e+05
1.636239e+05
1.636240e+05
1.636242e+05
1.636243e+05
1.636244e+05
1.636245e+05
1.636247e+05
1.636248e+05
1.636249e+05
1.636250e+05
1.636251e+05
1.636252e+05
1.636253e+05
1.636254e+05
1.636255e+05
1.636256e+05
1.636258e+05
1.636259e+05
1.636260e+05
1.636261e+05
1.636262e+05
1.636263e+05
1.636265e+05
1.636266e+05
1.636267e+05
1.636268e+05
1.636269e+05
1.636270e+05
1.636271e+05
1.636273e+05
1.636274e+05
1.636275e+05
1.636276e+05
1.636277e+05
1.636278e+05
1.636279e+05
1.636281e+05
1.636282e+05
1.636283e+05
1.636284e+05
1.636285e+05
1.636286e+05
1.636287e+05
1.636288e+05
1.636289e+05
1.636290e+05
1.636291e+05
1.636293e+05
1.636294e+05
1.636295e+05
1.636296e+05
1.636297e+05
1.636298e+05
1.636300e+05
1.636301e+05
1.636302e+05
1.636303e+05
1.636304e+05
1.636306e+05
1.636307e+05
1.636308e+05
1.636309e+05
1.636310e+05
1.636312e+05
1.636313e+05
1.636314e+05
1.636315e+05
1.636316e+05
1.636317e+05
1.636318e+05
1.636319e+05
1.636321e+05
1.636322e+05
1.636323e+05
1.636324e+05
1.636325e+05
1.636326e+05
1.636328e+05
1.636329e+05
1.636330e+05
1.636331e+05
1.636332e+05
1.636334e+05
1.636335e+05
1.636336e+05
1.636337e+05
1.636338e+05
1.636339e+05
1.636341e+05
1.636342e+05
1.636343e+05
1.636344e+05
1.636346e+05
1.636347e+05
1.636348e+05
1.636349e+05
1.636351e+05
1.636352e+05
1.636353e+05
1.636354e+05
1.636355e+05
1.636357e+05
1.636358e+05
1.636359e+05
1.636360e+05
1.636361e+05
1.636362e+05
1.636364e+05
1.636365e+05
1.636366e+05
1.636367e+05
1.636368e+05
1.636370e+05
1.636371e+05
1.636372e+05
1.636373e+05
1.636374e+05
1.636375e+05
1.636377e+05
1.636378e+05
1.636379e+05
1.636380e+05
1.636382e+05
1.636383e+05
1.636384e+05
1.636385e+05
1.636386e+05
1.636388e+05
1.636389e+05
1.636390e+05
1.636391e+05
1.636392e+05
1.636393e+05
1.636395e+05
1.636396e+05
1.636397e+05
1.636398e+05
1.636399e+05
1.636401e+05
1.636402e+05
1.636403e+05
1.636404e+05
1.636405e+05
1.636406e+05
1.636408e+05
1.636409e+05
1.636410e+05
1.636411e+05
1.636413e+05
1.636414e+05
1.636415e+05
1.636416e+05
1.636417e+05
1.636419e+05
1.636420e+05
1.636421e+05
1.636422e+05
1.636423e+05
1.636424e+05
1.636425e+05
1.636427e+05
1.636428e+05
1.636429e+05
1.636430e+05
1.636432e+05
1.636433e+05
1.636434e+05
1.636435e+05
1.636437e+05
1.636438e+05
1.636439e+05
1.636440e+05
1.636442e+05
1.636443e+05
1.636444e+05
1.636445e+05
1.636446e+05
1.636448e+05
1.636449e+05
1.636450e+05
1.636451e+05
1.636452e+05
1.636454e+05
1.636455e+05
1.636456e+05
1.636457e+05
1.636459e+05
1.636460e+05
1.636461e+05
1.636462e+05
1.636464e+05
1.636465e+05
1.636466e+05
1.636467e+05
1.636469e+05
1.636470e+05
1.636471e+05
1.636472e+05
1.636474e+05
1.636475e+05
1.636476e+05
1.636478e+05
1.636479e+05
1.636480e+05
1.636482e+05
1.636483e+05
1.636484e+05
1.636486e+05
1.636487e+05
1.636488e+05
1.636489e+05
1.636491e+05
1.636492e+05
1.636493e+05
1.636495e+05
1.636496e+05
1.636497e+05
1.636499e+05
1.636500e+05
1.636501e+05
1.636502e+05
1.636504e+05
1.636505e+05
1.636506e+05
1.636508e+05
1.636509e+05
1.636510e+05
1.636511e+05
1.636513e+05
1.636514e+05
1.636515e+05
1.636517e+05
1.636518e+05
1.636519e+05
1.636521e+05
1.636522e+05
1.636523e+05
1.636524e+05
1.636525e+05
1.636527e+05
1.636528e+05
1.636529e+05
1.636530e+05
1.636531e+05
1.636533e+05
1.636534e+05
1.636535e+05
1.636536e+05
1.636537e+05
1.636538e+05
1.636540e+05
1.636541e+05
1.636542e+05
1.636543e+05
1.636544e+05
1.636545e+05
1.636546e+05
1.636548e+05
1.636549e+05
1.636550e+05
1.636551e+05
1.636553e+05
1.636554e+05
1.636555e+05
1.636556e+05
1.636557e+05
1.636559e+05
1.636560e+05
1.636561e+05
1.636562e+05
1.636564e+05
1.636565e+05
1.636566e+05
1.636567e+05
1.636569e+05
1.636570e+05
1.636571e+05
1.636572e+05
1.636573e+05
1.636575e+05
1.636576e+05
1.636577e+05
1.636578e+05
1.636579e+05
1.636581e+05
1.636582e+05
1.636583e+05
1.636585e+05
1.636586e+05
1.636587e+05
1.636588e+05
1.636590e+05
1.636591e+05
1.636592e+05
1.636594e+05
1.636595e+05
1.636596e+05
1.636597e+05
1.636599e+05
1.637003e+04
1.637015e+04
1.637028e+04
1.637042e+04
1.637055e+04
1.637068e+04
1.637081e+04
1.637094e+04
1.637101e+05
1.637102e+05
1.637103e+05
1.637104e+05
1.637106e+05
1.637107e+05
1.637108e+04
1.637108e+05
1.637109e+05
1.637111e+05
1.637112e+05
1.637113e+05
1.637114e+05
1.637116e+05
1.637117e+05
1.637118e+04
1.637118e+05
1.637120e+05
1.637121e+05
1.637122e+05
1.637123e+05
1.637125e+05
1.637126e+05
1.637127e+05
1.637128e+05
1.637130e+04
1.637130e+05
1.637131e+05
1.637132e+05
1.637133e+05
1.637135e+05
1.637136e+05
1.637137e+05
1.637138e+05
1.637140e+05
1.637141e+05
1.637142e+04
1.637142e+05
1.637144e+05
1.637145e+05
1.637146e+05
1.637147e+05
1.637149e+05
1.637150e+05
1.637151e+05
1.637152e+05
1.637154e+05
1.637155e+04
1.637155e+05
1.637156e+05
1.637157e+05
1.637159e+05
1.637160e+05
1.637161e+05
1.637163e+05
1.637164e+05
1.637165e+05
1.637166e+05
1.637167e+04
1.637167e+05
1.637169e+05
1.637170e+05
1.637171e+05
1.637172e+05
1.637174e+05
1.637175e+05
1.637176e+05
1.637177e+05
1.637179e+05
1.637180e+04
1.637180e+05
1.637181e+05
1.637183e+05
1.637184e+05
1.637185e+05
1.637186e+05
1.637187e+05
1.637189e+05
1.637190e+05
1.637191e+05
1.637193e+05
1.637194e+04
1.637194e+05
1.637195e+05
1.637196e+05
1.637197e+05
1.637199e+05
1.637200e+05
1.637201e+05
1.637202e+05
1.637203e+05
1.637204e+05
1.637205e+05
1.637207e+05
1.637208e+04
1.637208e+05
1.637209e+05
1.637211e+05
1.637212e+05
1.637213e+05
1.637214e+05
1.637216e+05
1.637217e+05
1.637219e+05
1.637220e+05
1.637222e+04
1.637222e+05
1.637223e+05
1.637224e+05
1.637225e+05
1.637227e+05
1.637228e+05
1.637229e+05
1.637230e+05
1.637232e+05
1.637233e+04
1.637233e+05
1.637234e+05
1.637236e+05
1.637237e+05
1.637238e+05
1.637239e+05
1.637240e+05
1.637242e+05
1.637243e+05
1.637244e+05
1.637245e+05
1.637246e+05
1.637247e+04
1.637248e+05
1.637249e+05
1.637250e+05
1.637251e+05
1.637253e+05
1.637254e+05
1.637255e+05
1.637257e+05
1.637258e+05
1.637259e+05
1.637260e+04
1.637260e+05
1.637262e+05
1.637263e+05
1.637264e+05
1.637266e+05
1.637267e+05
1.637268e+05
1.637269e+05
1.637271e+05
1.637272e+05
1.637273e+05
1.637275e+05
1.637276e+05
1.637277e+05
1.637278e+05
1.637280e+05
1.637281e+05
1.637282e+05
1.637283e+05
1.637284e+05
1.637286e+05
1.637287e+05
1.637288e+05
1.637290e+05
1.637291e+04
1.637291e+05
1.637292e+05
1.637293e+05
1.637295e+05
1.637296e+05
1.637297e+05
1.637299e+05
1.637300e+05
1.637301e+05
1.637302e+05
1.637304e+05
1.637305e+04
1.637305e+05
1.637306e+05
1.637308e+05
1.637309e+05
1.637310e+05
1.637311e+05
1.637313e+05
1.637314e+05
1.637315e+05
1.637316e+05
1.637317e+04
1.637318e+05
1.637319e+05
1.637320e+05
1.637321e+05
1.637323e+05
1.637324e+05
1.637325e+05
1.637326e+05
1.637328e+05
1.637329e+05
1.637330e+04
1.637330e+05
1.637331e+05
1.637333e+05
1.637334e+05
1.637335e+05
1.637336e+05
1.637338e+05
1.637339e+05
1.637340e+05
1.637341e+04
1.637342e+05
1.637343e+05
1.637344e+05
1.637345e+05
1.637347e+05
1.637348e+05
1.637349e+05
1.637350e+05
1.637352e+05
1.637353e+05
1.637354e+04
1.637354e+05
1.637355e+05
1.637356e+05
1.637358e+05
1.637359e+05
1.637360e+05
1.637361e+05
1.637362e+05
1.637364e+05
1.637365e+05
1.637366e+04
1.637366e+05
1.637367e+05
1.637369e+05
1.637370e+05
1.637371e+05
1.637372e+05
1.637373e+05
1.637375e+05
1.637376e+05
1.637377e+05
1.637378e+05
1.637379e+04
1.637380e+05
1.637381e+05
1.637382e+05
1.637384e+05
1.637385e+05
1.637386e+05
1.637387e+05
1.637389e+05
1.637390e+05
1.637391e+04
1.637391e+05
1.637392e+05
1.637393e+05
1.637394e+05
1.637395e+05
1.637397e+05
1.637398e+05
1.637399e+05
1.637400e+05
1.637401e+05
1.637403e+05
1.637404e+04
1.637404e+05
1.637405e+05
1.637406e+05
1.637407e+05
1.637409e+05
1.637410e+05
1.637411e+05
1.637413e+05
1.637414e+05
1.637415e+05
1.637416e+05
1.637417e+04
1.637417e+05
1.637419e+05
1.637420e+05
1.637421e+05
1.637422e+05
1.637423e+05
1.637425e+05
1.637426e+05
1.637427e+05
1.637428e+04
1.637428e+05
1.637429e+05
1.637430e+05
1.637432e+05
1.637433e+05
1.637434e+05
1.637436e+05
1.637437e+05
1.637438e+05
1.637439e+05
1.637440e+04
1.637440e+05
1.637442e+05
1.637443e+05
1.637444e+05
1.637445e+05
1.637446e+05
1.637447e+05
1.637448e+05
1.637450e+05
1.637451e+05
1.637452e+05
1.637453e+04
1.637453e+05
1.637454e+05
1.637456e+05
1.637457e+05
1.637458e+05
1.637459e+05
1.637461e+05
1.637462e+05
1.637463e+05
1.637464e+05
1.637465e+04
1.637465e+05
1.637466e+05
1.637467e+05
1.637468e+05
1.637469e+05
1.637471e+05
1.637472e+05
1.637473e+05
1.637474e+05
1.637475e+05
1.637477e+05
1.637478e+04
1.637478e+05
1.637479e+05
1.637480e+05
1.637481e+05
1.637483e+05
1.637484e+05
1.637485e+05
1.637486e+05
1.637487e+05
1.637489e+05
1.637490e+05
1.637491e+04
1.637491e+05
1.637493e+05
1.637494e+05
1.637495e+05
1.637496e+05
1.637497e+05
1.637499e+05
1.637500e+05
1.637501e+05
1.637502e+05
1.637503e+04
1.637504e+05
1.637505e+05
1.637507e+05
1.637508e+05
1.637509e+05
1.637510e+05
1.637511e+05
1.637512e+05
1.637513e+05
1.637515e+04
1.637515e+05
1.637516e+05
1.637517e+05
1.637518e+05
1.637519e+05
1.637520e+05
1.637521e+05
1.637523e+05
1.637524e+05
1.637525e+05
1.637526e+05
1.637527e+04
1.637527e+05
1.637528e+05
1.637529e+05
1.637531e+05
1.637532e+05
1.637533e+05
1.637534e+05
1.637535e+05
1.637536e+05
1.637537e+05
1.637538e+04
1.637538e+05
1.637539e+05
1.637541e+05
1.637542e+05
1.637543e+05
1.637544e+05
1.637545e+05
1.637546e+05
1.637548e+05
1.637549e+05
1.637550e+04
1.637550e+05
1.637551e+05
1.637552e+05
1.637553e+05
1.637555e+05
1.637556e+05
1.637557e+05
1.637558e+05
1.637559e+05
1.637560e+05
1.637561e+05
1.637562e+04
1.637563e+05
1.637564e+05
1.637565e+05
1.637566e+05
1.637567e+05
1.637568e+05
1.637569e+05
1.637570e+05
1.637572e+05
1.637573e+04
1.637573e+05
1.637574e+05
1.637575e+05
1.637576e+05
1.637577e+05
1.637578e+05
1.637579e+05
1.637581e+05
1.637582e+05
1.637583e+05
1.637584e+05
1.637585e+05
1.637586e+04
1.637586e+05
1.637587e+05
1.637589e+05
1.637590e+05
1.637591e+05
1.637592e+05
1.637593e+05
1.637594e+05
1.637595e+05
1.637596e+05
1.637597e+05
1.637598e+05
1.637599e+04
1.637599e+05
1.637611e+04
1.637622e+04
1.637634e+04
1.637648e+04
1.637659e+04
1.637672e+04
1.637684e+04
1.637697e+04
1.637709e+04
1.637722e+04
1.637734e+04
1.637747e+04
1.637759e+04
1.637772e+04
1.637784e+04
1.637797e+04
1.637811e+04
1.637824e+04
1.637836e+04
1.637849e+04
1.637862e+04
1.637874e+04
1.637885e+04
1.637896e+04
1.637908e+04
1.637921e+04
1.637932e+04
1.637944e+04
1.637957e+04
1.637970e+04
1.637982e+04
1.637995e+04
1.638006e+04
1.638018e+04
1.638028e+04
1.638039e+04
1.638050e+04
1.638061e+04
1.638072e+04
1.638083e+04
1.638093e+04
1.638101e+05
1.638102e+05
1.638103e+05
1.638105e+04
1.638105e+05
1.638106e+05
1.638107e+05
1.638108e+05
1.638109e+05
1.638111e+05
1.638112e+05
1.638113e+05
1.638114e+05
1.638116e+04
1.638116e+05
1.638117e+05
1.638118e+05
1.638119e+05
1.638121e+05
1.638122e+05
1.638123e+05
1.638124e+05
1.638125e+05
1.638126e+04
1.638127e+05
1.638128e+05
1.638129e+05
1.638130e+05
1.638131e+05
1.638133e+05
1.638134e+05
1.638135e+05
1.638136e+05
1.638137e+04
1.638137e+05
1.638138e+05
1.638139e+05
1.638141e+05
1.638142e+05
1.638143e+05
1.638144e+05
1.638145e+05
1.638147e+05
1.638148e+04
1.638148e+05
1.638149e+05
1.638150e+05
1.638151e+05
1.638153e+05
1.638154e+05
1.638155e+05
1.638156e+05
1.638157e+05
1.638159e+04
1.638159e+05
1.638160e+05
1.638161e+05
1.638162e+05
1.638164e+05
1.638165e+05
1.638166e+05
1.638167e+05
1.638168e+05
1.638169e+04
1.638169e+05
1.638171e+05
1.638172e+05
1.638173e+05
1.638174e+05
1.638175e+05
1.638176e+05
1.638177e+05
1.638179e+05
1.638180e+04
1.638180e+05
1.638181e+05
1.638182e+05
1.638184e+05
1.638185e+05
1.638186e+05
1.638187e+05
1.638188e+05
1.638190e+05
1.638191e+04
1.638192e+05
1.638193e+05
1.638194e+05
1.638196e+05
1.638197e+05
1.638198e+05
1.638199e+05
1.638201e+05
1.638202e+04
1.638202e+05
1.638203e+05
1.638204e+05
1.638206e+05
1.638207e+05
1.638208e+05
1.638209e+05
1.638210e+05
1.638211e+05
1.638212e+05
1.638213e+04
1.638213e+05
1.638215e+05
1.638216e+05
1.638217e+05
1.638218e+05
1.638219e+05
1.638221e+05
1.638222e+05
1.638223e+04
1.638223e+05
1.638224e+05
1.638226e+05
1.638227e+05
1.638228e+05
1.638229e+05
1.638231e+05
1.638232e+05
1.638233e+04
1.638233e+05
1.638234e+05
1.638236e+05
1.638237e+05
1.638238e+05
1.638240e+05
1.638241e+05
1.638242e+05
1.638243e+05
1.638244e+05
1.638245e+04
1.638245e+05
1.638247e+05
1.638248e+05
1.638249e+05
1.638250e+05
1.638252e+05
1.638253e+05
1.638254e+05
1.638255e+04
1.638255e+05
1.638257e+05
1.638258e+05
1.638259e+05
1.638261e+05
1.638262e+05
1.638263e+05
1.638265e+05
1.638266e+05
1.638267e+04
1.638267e+05
1.638268e+05
1.638270e+05
1.638271e+05
1.638272e+05
1.638273e+05
1.638275e+05
1.638276e+05
1.638277e+04
1.638277e+05
1.638279e+05
1.638280e+05
1.638281e+05
1.638282e+05
1.638283e+05
1.638284e+05
1.638286e+05
1.638287e+05
1.638288e+04
1.638288e+05
1.638289e+05
1.638290e+05
1.638292e+05
1.638293e+05
1.638294e+05
1.638295e+05
1.638297e+05
1.638298e+05
1.638299e+04
1.638300e+05
1.638301e+05
1.638302e+05
1.638304e+05
1.638305e+05
1.638306e+05
1.638307e+05
1.638309e+04
1.638309e+05
1.638310e+05
1.638311e+05
1.638312e+05
1.638313e+05
1.638315e+05
1.638316e+05
1.638317e+05
1.638318e+05
1.638320e+05
1.638321e+04
1.638321e+05
1.638322e+05
1.638323e+05
1.638324e+05
1.638326e+05
1.638327e+05
1.638328e+05
1.638329e+05
1.638330e+04
1.638331e+05
1.638332e+05
1.638333e+05
1.638335e+05
1.638336e+05
1.638337e+05
1.638338e+05
1.638340e+05
1.638341e+04
1.638341e+05
1.638343e+05
1.638344e+05
1.638345e+05
1.638346e+05
1.638348e+05
1.638349e+05
1.638350e+04
1.638350e+05
1.638351e+05
1.638352e+05
1.638354e+05
1.638355e+05
1.638356e+05
1.638357e+05
1.638358e+05
1.638359e+05
1.638360e+05
1.638361e+04
1.638362e+05
1.638363e+05
1.638364e+05
1.638365e+05
1.638366e+05
1.638367e+05
1.638369e+05
1.638370e+05
1.638371e+05
1.638372e+05
1.638373e+04
1.638373e+05
1.638375e+05
1.638376e+05
1.638377e+05
1.638378e+05
1.638379e+05
1.638381e+05
1.638382e+05
1.638383e+04
1.638383e+05
1.638384e+05
1.638385e+05
1.638387e+05
1.638388e+05
1.638389e+05
1.638390e+05
1.638391e+05
1.638392e+05
1.638393e+04
1.638393e+05
1.638394e+05
1.638397e+05
1.638398e+05
1.638399e+05
1.638400e+05
1.638402e+05
1.638403e+05
1.638404e+05
1.638405e+04
1.638405e+05
1.638406e+05
1.638407e+05
1.638408e+05
1.638409e+05
1.638411e+05
1.638412e+05
1.638413e+05
1.638414e+05
1.638415e+05
1.638416e+04
1.638416e+05
1.638418e+05
1.638419e+05
1.638420e+05
1.638421e+05
1.638422e+05
1.638423e+05
1.638425e+05
1.638426e+05
1.638427e+04
1.638427e+05
1.638428e+05
1.638429e+05
1.638430e+05
1.638431e+05
1.638432e+05
1.638433e+05
1.638434e+05
1.638435e+05
1.638437e+04
1.638437e+05
1.638438e+05
1.638439e+05
1.638440e+05
1.638441e+05
1.638443e+05
1.638444e+05
1.638445e+05
1.638446e+05
1.638447e+05
1.638448e+04
1.638448e+05
1.638449e+05
1.638450e+05
1.638451e+05
1.638453e+05
1.638454e+05
1.638455e+05
1.638456e+05
1.638457e+05
1.638458e+05
1.638459e+04
1.638459e+05
1.638460e+05
1.638462e+05
1.638463e+05
1.638464e+05
1.638465e+05
1.638466e+05
1.638467e+05
1.638468e+05
1.638469e+05
1.638470e+04
1.638470e+05
1.638471e+05
1.638472e+05
1.638474e+05
1.638475e+05
1.638476e+05
1.638477e+05
1.638478e+05
1.638479e+05
1.638480e+04
1.638481e+05
1.638482e+05
1.638483e+05
1.638484e+05
1.638486e+05
1.638487e+05
1.638488e+05
1.638489e+05
1.638490e+04
1.638491e+05
1.638492e+05
1.638493e+05
1.638494e+05
1.638496e+05
1.638497e+05
1.638498e+05
1.638499e+05
1.638500e+05
1.638501e+04
1.638502e+05
1.638503e+05
1.638504e+05
1.638505e+05
1.638506e+05
1.638508e+05
1.638509e+05
1.638510e+05
1.638511e+05
1.638513e+04
1.638513e+05
1.638514e+05
1.638515e+05
1.638516e+05
1.638518e+05
1.638519e+05
1.638520e+05
1.638521e+05
1.638523e+04
1.638523e+05
1.638524e+05
1.638525e+05
1.638526e+05
1.638528e+05
1.638529e+05
1.638530e+05
1.638531e+05
1.638533e+05
1.638534e+04
1.638534e+05
1.638535e+05
1.638536e+05
1.638537e+05
1.638538e+05
1.638539e+05
1.638541e+05
1.638542e+05
1.638543e+05
1.638544e+05
1.638545e+04
1.638545e+05
1.638547e+05
1.638548e+05
1.638549e+05
1.638550e+05
1.638551e+05
1.638552e+05
1.638554e+05
1.638555e+05
1.638556e+04
1.638556e+05
1.638557e+05
1.638558e+05
1.638560e+05
1.638561e+05
1.638562e+05
1.638563e+05
1.638564e+05
1.638565e+05
1.638567e+04
1.638567e+05
1.638568e+05
1.638569e+05
1.638570e+05
1.638571e+05
1.638573e+05
1.638574e+05
1.638575e+05
1.638576e+05
1.638577e+05
1.638579e+04
1.638579e+05
1.638580e+05
1.638581e+05
1.638582e+05
1.638584e+05
1.638585e+05
1.638586e+05
1.638587e+05
1.638588e+05
1.638590e+04
1.638590e+05
1.638591e+05
1.638592e+05
1.638593e+05
1.638594e+05
1.638596e+05
1.638597e+05
1.638598e+05
1.638599e+05
1.638601e+04
1.638611e+04
1.638622e+04
1.638633e+04
1.638644e+04
1.638654e+04
1.638665e+04
1.638675e+04
1.638686e+04
1.638695e+04
1.638706e+04
1.638717e+04
1.638727e+04
1.638738e+04
1.638749e+04
1.638759e+04
1.638769e+04
1.638780e+04
1.638791e+04
1.638800e+04
1.638812e+04
1.638822e+04
1.638833e+04
1.638844e+04
1.638854e+04
1.638864e+04
1.638875e+04
1.638885e+04
1.638897e+04
1.638908e+04
1.638919e+04
1.638930e+04
1.638941e+04
1.638952e+04
1.638963e+04
1.638974e+04
1.638985e+04
1.638999e+04
1.639006e+04
1.639019e+04
1.639031e+04
1.639041e+04
1.639053e+04
1.639065e+04
1.639076e+04
1.639089e+04
1.639100e+04
1.639101e+05
1.639102e+05
1.639103e+05
1.639105e+05
1.639106e+05
1.639107e+05
1.639109e+05
1.639110e+05
1.639111e+04
1.639111e+05
1.639112e+05
1.639113e+05
1.639114e+05
1.639115e+05
1.639117e+05
1.639118e+05
1.639119e+05
1.639120e+05
1.639121e+05
1.639122e+05
1.639124e+04
1.639124e+05
1.639135e+04
1.639147e+04
1.639159e+04
1.639170e+04
1.639183e+04
1.639194e+04
1.639208e+04
1.639220e+04
1.639232e+04
1.639245e+04
1.639257e+04
1.639269e+04
1.639280e+04
1.639292e+04
1.639305e+04
1.639316e+04
1.639328e+04
1.639341e+04
1.639353e+04
1.639365e+04
1.639377e+04
1.639390e+04
1.639401e+04
1.639413e+04
1.639424e+04
1.639435e+04
1.639448e+04
1.639460e+04
1.639473e+04
1.639485e+04
1.639498e+04
1.639510e+04
1.639524e+04
1.639535e+04
1.639546e+04
1.639559e+04
1.639571e+04
1.639584e+04
1.639597e+04
1.639607e+04
1.639620e+04
1.639633e+04
1.639643e+04
1.639656e+04
1.639668e+04
1.639680e+04
1.639692e+04
1.639704e+04
1.639715e+04
1.639727e+04
1.639739e+04
1.639751e+04
1.639762e+04
1.639773e+04
1.639784e+04
1.639795e+04
1.639808e+04
1.639820e+04
1.639831e+04
1.639842e+04
1.639853e+04
1.639866e+04
1.639877e+04
1.639889e+04
1.639902e+04
1.639914e+04
1.639925e+04
1.639938e+04
1.639951e+04
1.639963e+04
1.639974e+04
1.639987e+04
1.639999e+04