0.000000 0.0000000 0.0000000 0.0000000 0.0000000 0.0000000 0.0000000 1.0000000
0.000000 -0.0004957 0.0023692 0.0397443 0.0001877 0.0004148 0.0010734 0.9999993
0.000000 -0.0010531 0.0035660 0.0595396 0.0001241 0.0005026 0.0015288 0.9999987
0.000000 -0.0020788 0.0063456 0.0987455 0.0001772 0.0010453 0.0012795 0.9999986
0.000000 -0.0030494 0.0088140 0.1376260 -0.0001727 0.0014779 0.0011645 0.9999982
0.000000 -0.0041539 0.0109884 0.1764347 -0.0009321 0.0022162 0.0016715 0.9999957
0.000000 -0.0050773 0.0131514 0.2155900 -0.0019601 0.0033186 0.0020914 0.9999904
0.000000 -0.0052369 0.0159937 0.2548651 -0.0027271 0.0035660 0.0024003 0.9999871
0.000000 -0.0051373 0.0189005 0.2946915 -0.0034601 0.0042950 0.0026051 0.9999814
0.000000 -0.0074048 0.0222974 0.3518911 -0.0047904 0.0068127 0.0040780 0.9999570
0.000000 -0.0081067 0.0255636 0.4092120 -0.0048107 0.0072733 0.0033942 0.9999562
0.000000 -0.0082586 0.0283469 0.4671076 -0.0026356 0.0079901 0.0020762 0.9999624
0.000000 -0.0079719 0.0310083 0.5255019 0.0002857 0.0085584 0.0017302 0.9999619
0.000000 -0.0092849 0.0366948 0.6003070 0.0018185 0.0099606 0.0016169 0.9999474
0.000000 -0.0092043 0.0416138 0.6748515 -0.0020004 0.0132875 0.0014238 0.9999087
0.000000 -0.0089084 0.0455743 0.7487789 -0.0038779 0.0148645 0.0021128 0.9998798
0.000000 -0.0097472 0.0500114 0.8220217 -0.0031330 0.0171558 0.0021593 0.9998456
0.000000 -0.0070381 0.0555027 0.9134284 -0.0025030 0.0186545 0.0046199 0.9998122
0.000000 -0.0078357 0.0623438 1.0032918 -0.0027573 0.0213564 0.0058395 0.9997511
0.000000 -0.0042391 0.0665012 1.0941638 -0.0030764 0.0216566 0.0056881 0.9997445
0.000000 -0.0051551 0.0728858 1.1835066 -0.0022180 0.0240756 0.0069123 0.9996838
0.000000 -0.0039957 0.0806767 1.2873261 -0.0022282 0.0251995 0.0074325 0.9996523
0.000000 -0.0005298 0.0866152 1.3915046 -0.0025130 0.0258008 0.0079653 0.9996322
0.000000 0.0018662 0.0914976 1.4926783 -0.0022023 0.0271042 0.0078918 0.9995990
0.000000 0.0044456 0.0972218 1.5930567 -0.0021114 0.0282317 0.0070473 0.9995744
0.000000 0.0069955 0.1035223 1.6904043 -0.0027011 0.0297875 0.0076740 0.9995232
0.000000 0.0089258 0.1088376 1.7841687 -0.0029206 0.0314215 0.0082995 0.9994675
0.000000 0.0140645 0.1153398 1.8910698 -0.0024990 0.0335958 0.0096947 0.9993854
0.000000 0.0195941 0.1222196 1.9945937 -0.0027536 0.0371000 0.0130419 0.9992226
0.000000 0.0225797 0.1279154 2.0923228 -0.0036236 0.0407723 0.0169239 0.9990185
0.000000 0.0308659 0.1339321 2.1872122 -0.0050519 0.0437383 0.0202315 0.9988254
0.000000 0.0348539 0.1391389 2.2734590 -0.0059957 0.0469129 0.0236996 0.9985998
0.000000 0.0420607 0.1448107 2.3576369 -0.0063636 0.0501981 0.0265514 0.9983660
0.000000 0.0489872 0.1495447 2.4339087 -0.0058911 0.0529819 0.0314385 0.9980831
0.000000 0.0546179 0.1539715 2.5031519 -0.0054675 0.0573986 0.0383348 0.9976001
0.000000 0.0610057 0.1595585 2.5675716 -0.0079152 0.0615096 0.0371033 0.9973852
0.000000 0.0684660 0.1626181 2.6254649 -0.0078772 0.0632692 0.0427283 0.9970503
0.000000 0.0747411 0.1658424 2.6762087 -0.0057345 0.0674597 0.0521380 0.9963423
0.000000 0.0791484 0.1683788 2.7213168 -0.0054342 0.0715576 0.0487116 0.9962315
0.000000 0.0850881 0.1715122 2.7640579 -0.0007241 0.0746011 0.0454614 0.9961764
0.000000 0.0908384 0.1729845 2.7979836 -0.0033893 0.0762461 0.0545840 0.9955881
0.000000 0.1012339 0.1767698 2.8703713 0.0071751 0.0807493 0.0565923 0.9951007
0.000000 0.1107958 0.1783101 2.9137831 0.0102655 0.0915037 0.0547537 0.9942453
0.000000 0.1179370 0.1791679 2.9385240 0.0123267 0.1031244 0.0546760 0.9930881
0.000000 0.1265256 0.1800661 2.9626036 0.0139233 0.1174095 0.0549555 0.9914641
0.000000 0.1404592 0.1809780 2.9931209 0.0162946 0.1418791 0.0562810 0.9881484
0.000000 0.1568586 0.1813231 3.0214548 0.0220891 0.1695018 0.0570541 0.9836290
0.000000 0.1735010 0.1813123 3.0509448 0.0290727 0.2002420 0.0555410 0.9777388
0.000000 0.1959782 0.1824256 3.0828784 0.0314158 0.2340742 0.0493314 0.9704580
0.000000 0.2262686 0.1861561 3.1181083 0.0331354 0.2671028 0.0474308 0.9619296
0.000000 0.2681971 0.1894588 3.1589589 0.0355353 0.3054495 0.0487140 0.9502972
0.000000 0.3120973 0.1907070 3.2015967 0.0334740 0.3438281 0.0442329 0.9373928
0.000000 0.3558793 0.1927840 3.2394986 0.0309185 0.3735246 0.0400309 0.9262403
0.000000 0.4143989 0.1953544 3.2822037 0.0320955 0.4063588 0.0418481 0.9121903
0.000000 0.4789425 0.1991255 3.3259325 0.0308998 0.4357488 0.0403822 0.8986309
0.000000 0.5258582 0.2009948 3.3553662 0.0302265 0.4530177 0.0377388 0.8901893
0.000000 0.5742381 0.2034889 3.3843315 0.0307078 0.4701073 0.0367834 0.8813076
0.000000 0.6250328 0.2067641 3.4127471 0.0312899 0.4842986 0.0379148 0.8735207
0.000000 0.6638749 0.2087978 3.4343770 0.0309014 0.4936717 0.0398723 0.8681840
0.000000 0.6908021 0.2103365 3.4487782 0.0302812 0.4991392 0.0405957 0.8650405
0.000000 0.7450072 0.2127301 3.4774537 0.0290614 0.5097242 0.0396532 0.8589321
0.000000 0.8432113 0.2184526 3.5276580 0.0280906 0.5240101 0.0389642 0.8503565
0.000000 0.8876095 0.2208658 3.5491080 0.0281677 0.5287326 0.0389931 0.8474243
0.000000 0.9317658 0.2233757 3.5707951 0.0278036 0.5332162 0.0382322 0.8446572
0.000000 0.9768828 0.2259406 3.5921831 0.0276307 0.5374668 0.0379656 0.8419766
0.000001 1.0380182 0.2294879 3.6204615 0.0272756 0.5418776 0.0376531 0.8391704
0.000001 1.0995488 0.2328646 3.6495571 0.0270346 0.5453202 0.0378805 0.8369349
0.000001 1.1605186 0.2364303 3.6783113 0.0278679 0.5470328 0.0392496 0.8357260
0.000001 1.2223423 0.2398634 3.7065663 0.0282208 0.5476975 0.0387032 0.8353042
0.000001 1.2989202 0.2439778 3.7414765 0.0288110 0.5487674 0.0382589 0.8346020
0.000001 1.3738179 0.2481970 3.7771204 0.0280225 0.5505658 0.0371135 0.8334954
0.000001 1.4484550 0.2518900 3.8111124 0.0275122 0.5522515 0.0365033 0.8324235
0.000001 1.5362238 0.2567945 3.8506091 0.0278709 0.5538329 0.0359689 0.8313835
0.000001 1.6098140 0.2609970 3.8833051 0.0269621 0.5555410 0.0350712 0.8303115
0.000001 1.6810684 0.2654989 3.9151134 0.0259623 0.5566630 0.0344531 0.8296176
0.000001 1.7641600 0.2705543 3.9536572 0.0251361 0.5584183 0.0346532 0.8284541
0.000001 1.8501669 0.2751279 3.9915323 0.0233674 0.5602897 0.0349938 0.8272272
0.000001 1.9370072 0.2801554 4.0290980 0.0224081 0.5614662 0.0334286 0.8265205
0.000001 2.0243921 0.2839909 4.0663218 0.0237234 0.5631688 0.0328402 0.8253482
0.000001 2.1076920 0.2891633 4.1031895 0.0238970 0.5639485 0.0313304 0.8248693
0.000001 2.1904147 0.2924917 4.1398125 0.0235839 0.5657765 0.0310677 0.8236356
0.000001 2.2764344 0.2977564 4.1746144 0.0230484 0.5659410 0.0286018 0.8236270
0.000001 2.3609347 0.3022322 4.2102776 0.0226263 0.5672413 0.0269040 0.8228011
0.000001 2.4589014 0.3078720 4.2515683 0.0221624 0.5689270 0.0264771 0.8216628
0.000001 2.5737357 0.3143617 4.2967358 0.0205990 0.5716673 0.0283060 0.8197384
0.000001 2.6757951 0.3210177 4.3353519 0.0193382 0.5745347 0.0310158 0.8176637
0.000001 2.7756307 0.3265272 4.3743343 0.0199782 0.5777763 0.0314447 0.8153445
0.000001 2.8618104 0.3322815 4.4063945 0.0220176 0.5801595 0.0299495 0.8136542
0.000001 2.9603920 0.3385768 4.4421463 0.0234930 0.5836182 0.0321521 0.8110512
0.000001 3.0602164 0.3439924 4.4786625 0.0217807 0.5874727 0.0319356 0.8083202
0.000001 3.1608973 0.3498633 4.5111961 0.0216455 0.5900455 0.0328596 0.8064106
0.000001 3.2518463 0.3567211 4.5439506 0.0216772 0.5943321 0.0338130 0.8032161
0.000001 3.3418067 0.3619581 4.5740342 0.0219812 0.5981643 0.0344853 0.8003293
0.000001 3.4288163 0.3670809 4.5990229 0.0234023 0.6009759 0.0365118 0.7980897
0.000001 3.5044193 0.3714831 4.6234274 0.0233266 0.6040007 0.0405845 0.7956079
0.000001 3.5764687 0.3765123 4.6429973 0.0231083 0.6066766 0.0397602 0.7936174
0.000001 3.6347969 0.3797145 4.6624308 0.0226932 0.6095105 0.0401554 0.7914351
0.000001 3.6933947 0.3831662 4.6778202 0.0242143 0.6111426 0.0406910 0.7901029
0.000001 3.7379601 0.3861125 4.6906371 0.0250019 0.6134781 0.0408053 0.7882603
0.000001 3.7726419 0.3876819 4.6996021 0.0272516 0.6137688 0.0409671 0.7879511
0.000001 3.8385324 0.3913778 4.7186270 0.0290592 0.6156178 0.0376064 0.7866105
0.000001 3.8820827 0.3936667 4.7304249 0.0295705 0.6164886 0.0381107 0.7858848
0.000001 3.9292908 0.3963844 4.7442222 0.0297567 0.6172617 0.0366594 0.7853398
0.000001 3.9838929 0.3989605 4.7578979 0.0305706 0.6167565 0.0358990 0.7857405
0.000001 4.0483561 0.4026430 4.7758131 0.0306806 0.6171961 0.0347736 0.7854416
0.000001 4.1311960 0.4077137 4.7996750 0.0305832 0.6178294 0.0351158 0.7849321
0.000001 4.2184830 0.4117640 4.8243780 0.0302909 0.6178802 0.0314497 0.7850589
0.000001 4.3270326 0.4176661 4.8536973 0.0351263 0.6167331 0.0327438 0.7857062
0.000001 4.4347682 0.4214459 4.8849239 0.0361946 0.6150273 0.0273634 0.7871992
0.000001 4.5576568 0.4269629 4.9226208 0.0362339 0.6107976 0.0273182 0.7904853
0.000001 4.6866479 0.4323840 4.9639320 0.0272605 0.6077371 0.0303966 0.7930880
0.000001 4.8179250 0.4420750 5.0073061 0.0202699 0.6035474 0.0342077 0.7963350
0.000001 4.9391847 0.4498599 5.0474329 0.0195444 0.6002089 0.0387288 0.7986659
0.000001 5.0629778 0.4569494 5.0898709 0.0257255 0.5985636 0.0363709 0.7998356
0.000001 5.2094069 0.4663481 5.1358924 0.0271189 0.5969527 0.0364237 0.8009902
0.000001 5.3504295 0.4747747 5.1833386 0.0215815 0.5977544 0.0359309 0.8005829
0.000001 5.4685192 0.4828178 5.2246623 0.0190791 0.6004850 0.0364783 0.7985756
0.000001 5.6179285 0.4926768 5.2704563 0.0176631 0.6029799 0.0349034 0.7967967
0.000001 5.7616191 0.5022224 5.3127036 0.0178243 0.6069497 0.0352812 0.7937566
0.000001 5.9055634 0.5119008 5.3567142 0.0196029 0.6121262 0.0336615 0.7898000
0.000001 6.0703635 0.5215008 5.3964605 0.0217029 0.6211871 0.0297279 0.7827975
0.000001 6.2391896 0.5316670 5.4355726 0.0211499 0.6333705 0.0273439 0.7730762
0.000001 6.4106474 0.5398050 5.4678202 0.0254100 0.6463420 0.0235963 0.7622595
0.000001 6.5680385 0.5453268 5.4928260 0.0300568 0.6593566 0.0212353 0.7509291
0.000001 6.7206826 0.5541909 5.5144758 0.0346997 0.6725697 0.0217325 0.7389003
0.000001 6.9141350 0.5557365 5.5262012 0.0380054 0.6836597 0.0215897 0.7284908
0.000001 7.0735316 0.5607681 5.5381656 0.0388674 0.6936362 0.0201728 0.7189932
0.000001 7.2203374 0.5652130 5.5410924 0.0379655 0.7010308 0.0204986 0.7118246
0.000001 7.3602409 0.5687041 5.5445671 0.0365932 0.7087338 0.0184815 0.7042838
0.000001 7.4920740 0.5724970 5.5444021 0.0371907 0.7147151 0.0161354 0.6982397
0.000001 7.6263480 0.5764855 5.5414023 0.0368446 0.7204163 0.0147536 0.6924053
0.000001 7.7601647 0.5814095 5.5374041 0.0352036 0.7254310 0.0127998 0.6872749
0.000001 7.8948174 0.5848411 5.5311365 0.0296096 0.7309155 0.0146792 0.6816673
0.000001 7.9885502 0.5868121 5.5249743 0.0357755 0.7343713 0.0183018 0.6775573
0.000001 8.1007032 0.5896196 5.5202084 0.0371624 0.7376283 0.0129987 0.6740582
0.000001 8.2164135 0.5932087 5.5150714 0.0341165 0.7405341 0.0127086 0.6710319
0.000001 8.3329020 0.5956904 5.5040021 0.0374415 0.7431620 0.0148271 0.6678986
0.000001 8.4475813 0.6005979 5.4943395 0.0346954 0.7446268 0.0137586 0.6664367
0.000001 8.5640640 0.6049966 5.4835806 0.0354917 0.7468259 0.0161821 0.6638747
0.000001 8.6787615 0.6094503 5.4721723 0.0305771 0.7474051 0.0163235 0.6634638
0.000001 8.7983446 0.6138676 5.4601583 0.0305179 0.7488726 0.0165042 0.6618052
0.000001 8.9219408 0.6163808 5.4425411 0.0430024 0.7507904 0.0130915 0.6590092
0.000001 9.0509663 0.6219050 5.4360828 0.0427267 0.7512474 0.0129220 0.6585095
0.000001 9.1741343 0.6233095 5.4173660 0.0430482 0.7525992 0.0215092 0.6567181
0.000001 9.2905226 0.6259254 5.4080901 0.0460862 0.7540831 0.0197669 0.6548618
0.000001 9.4092607 0.6289885 5.3944545 0.0450211 0.7551095 0.0182379 0.6537967
0.000001 9.5240650 0.6326897 5.3820448 0.0452519 0.7567468 0.0184760 0.6518782
0.000001 9.6388693 0.6344973 5.3656759 0.0452162 0.7582520 0.0162366 0.6501891
0.000001 9.7713842 0.6367155 5.3483906 0.0439264 0.7607810 0.0158532 0.6473264
0.000001 9.9058857 0.6365029 5.3278146 0.0454901 0.7635583 0.0093655 0.6440665
0.000001 10.0324497 0.6405721 5.3061924 0.0432421 0.7672057 0.0111534 0.6398447
0.000001 10.1656942 0.6417848 5.2921319 0.0367524 0.7714490 0.0129829 0.6350961
0.000001 10.2752514 0.6502582 5.2666411 0.0405982 0.7741346 0.0189776 0.6314327
0.000001 10.3833904 0.6563970 5.2553811 0.0423536 0.7810522 0.0270078 0.6224421
0.000001 10.5132732 0.6531491 5.2210431 0.0502773 0.7805000 0.0161820 0.6229207
0.000001 10.6392651 0.6597493 5.1942759 0.0547723 0.7839813 0.0142364 0.6181995
0.000001 10.7656078 0.6614652 5.1666422 0.0457950 0.7891382 0.0170642 0.6122684
0.000001 10.8919077 0.6638559 5.1356754 0.0481161 0.7938690 0.0110899 0.6060807
0.000001 11.0174570 0.6665319 5.1009665 0.0432277 0.7987518 0.0088960 0.6000398
0.000001 11.1401100 0.6704248 5.0620871 0.0362991 0.8036443 0.0056889 0.5939746
0.000001 11.2638187 0.6734025 5.0252256 0.0346344 0.8093645 0.0074021 0.5862378
0.000001 11.3741407 0.6716413 4.9898510 0.0401137 0.8149764 0.0035457 0.5780933
0.000001 11.4698591 0.6753179 4.9558291 0.0483721 0.8191945 0.0002831 0.5714722
0.000001 11.5745525 0.6814524 4.9176931 0.0464532 0.8239811 0.0133001 0.5645533
0.000001 11.6769714 0.6847706 4.8785715 0.0427457 0.8285642 0.0212689 0.5578546
0.000001 11.7777920 0.6878511 4.8383083 0.0482085 0.8311666 0.0174374 0.5536551
0.000001 11.8804054 0.6913015 4.7981310 0.0516423 0.8348942 0.0194150 0.5476385
0.000001 11.9996700 0.6948169 4.7475624 0.0598646 0.8380864 0.0194545 0.5418938
0.000001 12.1195908 0.6958624 4.6928711 0.0754284 0.8400543 0.0210108 0.5368220
0.000001 12.2379608 0.6948130 4.6457930 0.0806919 0.8425793 0.0245468 0.5319270
0.000001 12.3602695 0.7019259 4.5838118 0.0789854 0.8442347 0.0282454 0.5293688
0.000001 12.4828835 0.7015194 4.5313635 0.0745285 0.8459910 0.0254687 0.5273482
0.000001 12.6012268 0.7028997 4.4709253 0.0765654 0.8467300 0.0175806 0.5261910
0.000001 12.7380543 0.7082663 4.4076786 0.0657978 0.8447513 0.0087986 0.5310259
0.000001 12.8393002 0.7122363 4.3629675 0.0547985 0.8472356 0.0030610 0.5283746
0.000001 12.9592724 0.7008098 4.3151813 0.0487035 0.8456284 -0.0245495 0.5309783
0.000001 13.0767918 0.6963170 4.2553391 0.0451872 0.8454491 -0.0119360 0.5320070
0.000001 13.1806660 0.6990882 4.2133455 0.0491830 0.8444833 -0.0172279 0.5330405
0.000001 13.2837334 0.6952690 4.1723733 0.0516379 0.8416312 -0.0130089 0.5374209
0.000001 13.3894739 0.6958787 4.1251764 0.0544847 0.8392683 0.0023239 0.5409757
0.000001 13.4931240 0.6945091 4.0821123 0.0589582 0.8373848 0.0037625 0.5434119
0.000001 13.5935364 0.6928398 4.0434747 0.0594772 0.8337166 0.0072613 0.5489320
0.000001 13.6976547 0.6959232 4.0033579 0.0549089 0.8310591 0.0067095 0.5534264
0.000001 13.8035364 0.6961021 3.9643426 0.0544958 0.8279133 0.0022234 0.5581979
0.000001 13.9092722 0.6979180 3.9271975 0.0522242 0.8248577 0.0025086 0.5629175
0.000001 14.0209694 0.6991166 3.8881154 0.0477314 0.8233283 0.0085139 0.5654907
0.000001 14.1383781 0.7012259 3.8477368 0.0466347 0.8230004 0.0067145 0.5660835
0.000001 14.2410307 0.7036885 3.8120852 0.0441463 0.8243350 0.0053450 0.5643530
0.000001 14.3619480 0.7059495 3.7693548 0.0441209 0.8255123 0.0059165 0.5626257
0.000001 14.4706783 0.7086359 3.7291336 0.0439527 0.8268201 0.0053580 0.5607209
0.000001 14.5783119 0.7110798 3.6881623 0.0455999 0.8282604 0.0064901 0.5584472
0.000001 14.6872730 0.7141767 3.6481538 0.0447926 0.8294892 0.0081305 0.5566643
0.000001 14.7993860 0.7157555 3.6050529 0.0473278 0.8306357 0.0092364 0.5547243
0.000001 14.8929462 0.7180156 3.5695076 0.0509223 0.8307399 0.0075475 0.5542754
0.000001 15.0063868 0.7201900 3.5268211 0.0515011 0.8309262 0.0115274 0.5538740
0.000001 15.1015854 0.7226723 3.4903326 0.0531417 0.8304837 0.0148509 0.5543033
0.000001 15.2186270 0.7242990 3.4465194 0.0588542 0.8293068 0.0165850 0.5554379
0.000001 15.3364086 0.7257633 3.4025221 0.0610112 0.8286714 0.0158675 0.5561740
0.000001 15.4768982 0.7280964 3.3507962 0.0566819 0.8267466 0.0086184 0.5596454
0.000001 15.6378803 0.7297940 3.2936974 0.0525152 0.8265596 0.0097374 0.5603094
0.000001 15.7585964 0.7298530 3.2496758 0.0575486 0.8249783 0.0113834 0.5621115
0.000001 15.8755522 0.7310511 3.2096071 0.0550437 0.8247533 0.0118367 0.5626829
0.000001 15.9948778 0.7325026 3.1666546 0.0555918 0.8233220 0.0099464 0.5647579
0.000001 16.1125946 0.7333841 3.1269441 0.0531314 0.8234836 0.0112230 0.5647353
