0.000000 0.0000000 0.0000000 0.0000000 0.0000000 0.0000000 0.0000000 1.0000000
0.000000 0.0001118 0.0024921 0.0521596 0.0030093 0.0011590 0.0018564 0.9999931
0.000000 -0.0018682 0.0028060 0.0638255 0.0043093 0.0011196 0.0014921 0.9999890
0.000000 -0.0018876 0.0043251 0.0896417 0.0045244 0.0023477 0.0026669 0.9999834
0.000000 -0.0020420 0.0061462 0.1150544 0.0038276 0.0028331 0.0029300 0.9999844
0.000000 -0.0026037 0.0075871 0.1401423 0.0023318 0.0034387 0.0032776 0.9999860
0.000000 -0.0030959 0.0092648 0.1649500 0.0015049 0.0037339 0.0028418 0.9999878
0.000000 -0.0036408 0.0108604 0.1900074 0.0011505 0.0045530 0.0024391 0.9999860
0.000000 -0.0040793 0.0121422 0.2150784 0.0009430 0.0051955 0.0024355 0.9999831
0.000000 -0.0043130 0.0137920 0.2533700 0.0004775 0.0060070 0.0030646 0.9999772
0.000000 -0.0048841 0.0159055 0.2911290 0.0010341 0.0067720 0.0031985 0.9999714
0.000000 -0.0058293 0.0181412 0.3281488 0.0009838 0.0078228 0.0025948 0.9999655
0.000000 -0.0063212 0.0201093 0.3657538 0.0007581 0.0085117 0.0028353 0.9999595
0.000000 -0.0068467 0.0230483 0.4158934 0.0010241 0.0088562 0.0024387 0.9999573
0.000000 -0.0072785 0.0257379 0.4660150 0.0006285 0.0103367 0.0021791 0.9999440
0.000000 -0.0078322 0.0287380 0.5157387 0.0011098 0.0103854 0.0020620 0.9999433
0.000000 -0.0087771 0.0320276 0.5784931 0.0014808 0.0111629 0.0021297 0.9999343
0.000000 -0.0091807 0.0357136 0.6402655 0.0015476 0.0110243 0.0026119 0.9999346
0.000000 -0.0099705 0.0385191 0.7020075 0.0004720 0.0114390 0.0025929 0.9999311
0.000000 -0.0106167 0.0418645 0.7642417 0.0009229 0.0117511 0.0023701 0.9999277
0.000000 -0.0113984 0.0464444 0.8380122 0.0006867 0.0106377 0.0014384 0.9999421
0.000000 -0.0134142 0.0504043 0.9126437 0.0005047 0.0103092 0.0007317 0.9999465
0.000000 -0.0139253 0.0543140 0.9862990 -0.0001822 0.0091792 0.0005698 0.9999577
0.000000 -0.0143449 0.0585693 1.0601737 0.0004271 0.0077602 0.0018672 0.9999681
0.000000 -0.0166733 0.0619797 1.1334877 0.0008587 0.0079864 0.0023627 0.9999650
0.000000 -0.0175392 0.0664649 1.2057961 0.0000618 0.0068195 0.0037302 0.9999698
0.000000 -0.0193774 0.0706900 1.2789208 -0.0006264 0.0069213 0.0029746 0.9999714
0.000000 -0.0207144 0.0739294 1.3391374 -0.0002308 0.0074959 0.0037677 0.9999648
0.000000 -0.0213784 0.0768208 1.3869196 0.0001515 0.0067542 0.0030701 0.9999725
0.000000 -0.0226384 0.0807712 1.4463806 -0.0013736 0.0071894 0.0037415 0.9999662
0.000000 -0.0232763 0.0832317 1.4944258 -0.0026455 0.0078836 0.0039666 0.9999576
0.000000 -0.0243816 0.0864942 1.5420356 -0.0011358 0.0069204 0.0043450 0.9999660
0.000000 -0.0260888 0.0886736 1.5769601 -0.0009739 0.0083085 0.0049338 0.9999529
0.000000 -0.0254246 0.0917957 1.6128014 -0.0022468 0.0067679 0.0050033 0.9999620
0.000000 -0.0253110 0.0939326 1.6484489 -0.0048920 0.0062787 0.0068574 0.9999448
0.000000 -0.0269198 0.0974750 1.6948193 -0.0074336 0.0070821 0.0061283 0.9999285
0.000000 -0.0285857 0.1001415 1.7415448 -0.0079966 0.0083354 0.0053662 0.9999189
0.000000 -0.0291131 0.1024646 1.7762613 -0.0068871 0.0075155 0.0047388 0.9999368
0.000000 -0.0290804 0.1051031 1.8111067 -0.0059294 0.0066908 0.0057645 0.9999434
0.000000 -0.0294651 0.1075745 1.8455455 -0.0068613 0.0071246 0.0055186 0.9999359
0.000000 -0.0306777 0.1101034 1.8790294 -0.0089739 0.0077094 0.0039450 0.9999222
0.000000 -0.0313151 0.1138104 1.9252087 -0.0118146 0.0077353 0.0035086 0.9998941
0.000000 -0.0326950 0.1174627 1.9698890 -0.0133966 0.0067618 0.0017490 0.9998859
0.000000 -0.0334322 0.1207267 2.0153558 -0.0124024 0.0067146 0.0012877 0.9998997
0.000000 -0.0342025 0.1235246 2.0482421 -0.0112681 0.0061880 0.0003041 0.9999173
0.000000 -0.0352218 0.1272020 2.0925307 -0.0119816 0.0064996 -0.0001937 0.9999071
0.000000 -0.0359338 0.1304851 2.1376498 -0.0127226 0.0059383 -0.0007432 0.9999012
0.000000 -0.0372047 0.1340211 2.1808729 -0.0118116 0.0062830 0.0001417 0.9999105
0.000000 -0.0373126 0.1377900 2.2250903 -0.0124109 0.0053639 -0.0003153 0.9999086
0.000000 -0.0390907 0.1421478 2.2777588 -0.0150013 0.0057641 -0.0009673 0.9998704
0.000000 -0.0396931 0.1457901 2.3193266 -0.0142066 0.0041121 0.0005348 0.9998905
0.000000 -0.0409371 0.1488474 2.3607690 -0.0140827 0.0056242 0.0015846 0.9998838
0.000000 -0.0412175 0.1529744 2.4052765 -0.0147191 0.0055657 -0.0011612 0.9998755
0.000000 -0.0419194 0.1566375 2.4476304 -0.0153561 0.0055603 -0.0000666 0.9998666
0.000000 -0.0427660 0.1613280 2.5013962 -0.0149271 0.0077363 0.0023657 0.9998559
0.000000 -0.0435366 0.1661252 2.5543156 -0.0164937 0.0091189 0.0024736 0.9998193
0.000000 -0.0441869 0.1710193 2.6068611 -0.0172163 0.0101691 0.0041520 0.9997914
0.000000 -0.0441546 0.1750399 2.6491022 -0.0172219 0.0122448 0.0062339 0.9997573
0.000000 -0.0440717 0.1790542 2.6907861 -0.0176143 0.0126253 0.0060029 0.9997471
0.000000 -0.0444394 0.1829601 2.7318981 -0.0186716 0.0139171 0.0068129 0.9997056
0.000000 -0.0439590 0.1870998 2.7735038 -0.0208778 0.0156210 0.0080296 0.9996278
0.000000 -0.0440050 0.1920692 2.8242099 -0.0223901 0.0172994 0.0094329 0.9995551
0.000000 -0.0441202 0.1963153 2.8750794 -0.0171640 0.0183986 0.0071137 0.9996581
0.000000 -0.0430978 0.2022511 2.9349623 -0.0157726 0.0188215 0.0077395 0.9996685
0.000000 -0.0426644 0.2082298 2.9948657 -0.0209071 0.0213603 0.0072275 0.9995271
0.000000 -0.0415304 0.2133427 3.0549221 -0.0202419 0.0224472 0.0089885 0.9995027
0.000000 -0.0401336 0.2192358 3.1133039 -0.0202496 0.0234147 0.0107689 0.9994627
0.000000 -0.0394413 0.2248671 3.1719885 -0.0197335 0.0231336 0.0108134 0.9994791
0.000000 -0.0387364 0.2310609 3.2296035 -0.0197468 0.0243194 0.0122886 0.9994336
0.000000 -0.0373082 0.2368003 3.2967589 -0.0207237 0.0254795 0.0129489 0.9993767
0.000000 -0.0358639 0.2434405 3.3620162 -0.0201388 0.0254528 0.0142379 0.9993717
0.000000 -0.0360247 0.2495450 3.4259062 -0.0191504 0.0268557 0.0122921 0.9993803
0.000000 -0.0330599 0.2551614 3.4892156 -0.0203971 0.0281640 0.0112433 0.9993320
0.000000 -0.0329948 0.2612517 3.5485501 -0.0203530 0.0327140 0.0117833 0.9991880
0.000000 -0.0294123 0.2656692 3.6060665 -0.0206265 0.0350658 0.0133690 0.9990827
0.000000 -0.0265276 0.2709682 3.6613612 -0.0205315 0.0395669 0.0164426 0.9988707
0.000000 -0.0233571 0.2764070 3.7131984 -0.0211278 0.0433235 0.0196329 0.9986447
0.000000 -0.0203471 0.2809972 3.7622514 -0.0222135 0.0466750 0.0223438 0.9984131
0.000000 -0.0167301 0.2856205 3.8080890 -0.0232290 0.0500258 0.0249607 0.9981657
0.000000 -0.0136981 0.2897451 3.8503613 -0.0236514 0.0536198 0.0285118 0.9978740
0.000000 -0.0097934 0.2937102 3.8898790 -0.0234139 0.0576962 0.0333751 0.9975014
0.000000 -0.0058515 0.2974812 3.9264286 -0.0222720 0.0626045 0.0377428 0.9970758
0.000000 -0.0022308 0.3021461 3.9640219 -0.0251511 0.0694604 0.0366454 0.9965941
0.000000 0.0020245 0.3044176 3.9935284 -0.0215843 0.0731170 0.0489362 0.9958882
0.000000 0.0063979 0.3069415 4.0196114 -0.0227409 0.0769616 0.0518586 0.9954247
0.000000 0.0092579 0.3092081 4.0426025 -0.0197640 0.0813443 0.0479116 0.9953376
0.000000 0.0119513 0.3114803 4.0622101 -0.0164263 0.0847398 0.0476653 0.9951268
0.000000 0.0155147 0.3125676 4.0786719 -0.0191728 0.0875601 0.0577523 0.9942989
0.000000 0.0203969 0.3148299 4.1068358 -0.0098980 0.0938832 0.0559035 0.9939632
0.000000 0.0240952 0.3161212 4.1224895 -0.0087886 0.1013200 0.0578443 0.9931319
0.000000 0.0279924 0.3180186 4.1392670 -0.0064896 0.1123401 0.0559968 0.9920695
0.000000 0.0343495 0.3185785 4.1568022 -0.0052683 0.1285214 0.0534972 0.9902487
0.000000 0.0425115 0.3199242 4.1745992 -0.0026790 0.1537253 0.0568152 0.9864752
0.000000 0.0514398 0.3205400 4.1898742 0.0020433 0.1823447 0.0558635 0.9816443
0.000000 0.0637056 0.3218422 4.2079391 0.0111073 0.2216678 0.0535052 0.9735898
0.000000 0.0818772 0.3232889 4.2258482 0.0125015 0.2631738 0.0493359 0.9634050
0.000000 0.0984921 0.3226673 4.2400608 0.0093763 0.3030723 0.0425260 0.9519721
0.000001 0.1206872 0.3213118 4.2563124 0.0103733 0.3447040 0.0433323 0.9376534
0.000001 0.1785461 0.3264439 4.2834978 0.0078417 0.4449458 0.0306413 0.8949988
0.000001 0.2687356 0.3349705 4.3222480 0.0108969 0.5048870 0.0275313 0.8626775
0.000001 0.2920290 0.3368007 4.3343101 0.0114785 0.5137250 0.0273376 0.8574424
0.000001 0.3233758 0.3401389 4.3490429 0.0114842 0.5210294 0.0284422 0.8529874
0.000001 0.3412035 0.3413721 4.3585110 0.0107564 0.5237222 0.0301528 0.8512874
0.000001 0.3661565 0.3433717 4.3717074 0.0096454 0.5264109 0.0291249 0.8496765
0.000001 0.4040860 0.3459499 4.3910909 0.0086663 0.5298797 0.0265596 0.8476125
0.000001 0.4490994 0.3495890 4.4138169 0.0086916 0.5339487 0.0253666 0.8450916
0.000001 0.4822763 0.3522766 4.4299583 0.0087642 0.5367855 0.0245510 0.8433160
0.000001 0.5096623 0.3541835 4.4432836 0.0085903 0.5392288 0.0235161 0.8417870
0.000001 0.5376352 0.3564595 4.4562950 0.0087907 0.5416358 0.0232011 0.8402471
0.000001 0.5653856 0.3587177 4.4696956 0.0086629 0.5442194 0.0233347 0.8385736
0.000001 0.5941347 0.3607232 4.4827247 0.0095269 0.5462087 0.0242319 0.8372443
0.000001 0.6227534 0.3627650 4.4960451 0.0099112 0.5479487 0.0243376 0.8360991
0.000001 0.6520981 0.3647414 4.5097265 0.0109172 0.5498323 0.0240203 0.8348582
0.000001 0.6892445 0.3675132 4.5265522 0.0111162 0.5519085 0.0233811 0.8335027
0.000001 0.7277342 0.3702876 4.5435185 0.0112922 0.5537348 0.0223538 0.8323163
0.000001 0.7663307 0.3734071 4.5603375 0.0094252 0.5561982 0.0209193 0.8307329
0.000001 0.8054606 0.3761876 4.5772104 0.0071799 0.5590900 0.0203466 0.8288262
0.000001 0.8531619 0.3796488 4.5976362 0.0060541 0.5621240 0.0202555 0.8267828
0.000001 0.9014667 0.3831974 4.6182127 0.0034505 0.5659311 0.0181569 0.8242453
0.000001 0.9517492 0.3871956 4.6375532 0.0041836 0.5679580 0.0181570 0.8228466
0.000001 1.0000795 0.3908854 4.6577902 0.0049674 0.5713227 0.0176328 0.8205211
0.000001 1.0562861 0.3949705 4.6805687 0.0042071 0.5743296 0.0166133 0.8184448
0.000001 1.1056672 0.3982263 4.6993566 0.0046680 0.5762916 0.0171568 0.8170507
0.000001 1.1623092 0.4023491 4.7208843 0.0043765 0.5790941 0.0176964 0.8150569
0.000001 1.2174320 0.4063830 4.7414160 0.0036520 0.5811367 0.0214521 0.8135149
0.000001 1.2757120 0.4109374 4.7629280 0.0036883 0.5832263 0.0239427 0.8119484
0.000001 1.3393602 0.4161378 4.7857132 0.0063802 0.5843864 0.0215059 0.8111654
0.000001 1.4015859 0.4211070 4.8083558 0.0049797 0.5878674 0.0230117 0.8086146
0.000001 1.4552240 0.4251293 4.8275418 0.0051164 0.5888868 0.0235391 0.8078564
0.000001 1.5077045 0.4290197 4.8452892 0.0033178 0.5924962 0.0231158 0.8052347
0.000001 1.5571526 0.4329948 4.8610897 0.0045178 0.5961440 0.0231167 0.8025320
0.000001 1.6101189 0.4371418 4.8781009 0.0055044 0.6008826 0.0253374 0.7989166
0.000001 1.6537580 0.4404871 4.8913155 0.0052512 0.6046836 0.0267102 0.7960004
0.000001 1.6936175 0.4435835 4.9032564 0.0045982 0.6078190 0.0256794 0.7936470
0.000001 1.7299545 0.4461308 4.9133849 0.0062606 0.6107938 0.0254311 0.7913564
0.000001 1.7668214 0.4486549 4.9237361 0.0078703 0.6144274 0.0254121 0.7885247
0.000001 1.7992374 0.4511602 4.9327788 0.0074230 0.6173757 0.0243200 0.7862574
0.000001 1.8271029 0.4525837 4.9401398 0.0076305 0.6200221 0.0227864 0.7842162
0.000001 1.8576590 0.4544847 4.9471869 0.0099136 0.6238273 0.0198664 0.7812468
0.000001 1.8901366 0.4568667 4.9539466 0.0077379 0.6319388 0.0172187 0.7747884
0.000001 1.9239210 0.4592124 4.9585705 0.0065378 0.6441366 0.0174972 0.7646824
0.000001 1.9587557 0.4611002 4.9619656 0.0050742 0.6609385 0.0121477 0.7503245
0.000001 1.9988095 0.4623842 4.9626684 0.0027144 0.6870267 0.0041198 0.7266155
0.000001 2.0407782 0.4644579 4.9591980 0.0056424 0.7192774 0.0054210 0.6946790
0.000001 2.0796609 0.4653391 4.9523621 0.0038195 0.7509235 -0.0017959 0.6603757
0.000001 2.1101053 0.4657496 4.9420166 0.0013698 0.7777768 -0.0104877 0.6284516
0.000001 2.1319587 0.4666593 4.9315767 0.0024634 0.7983906 -0.0136960 0.6019791
0.000001 2.1491258 0.4668237 4.9219651 0.0000721 0.8148388 -0.0157702 0.5794730
0.000001 2.1666911 0.4663570 4.9110961 -0.0047694 0.8313695 -0.0212476 0.5552933
0.000001 2.1840641 0.4646761 4.8998218 -0.0119890 0.8472994 -0.0323526 0.5299937
0.000001 2.2022665 0.4627702 4.8870301 -0.0131183 0.8627629 -0.0439541 0.5035238
0.000001 2.2146912 0.4607860 4.8761115 -0.0121914 0.8734034 -0.0524757 0.4840084
0.000001 2.2228045 0.4597583 4.8682241 -0.0117943 0.8808635 -0.0583500 0.4696123
0.000001 2.2311504 0.4584128 4.8598452 -0.0107636 0.8878675 -0.0640587 0.4554908
0.000001 2.2394376 0.4576451 4.8513494 -0.0094838 0.8945528 -0.0708306 0.4412125
0.000001 2.2755518 0.4517227 4.8046026 -0.0105373 0.9230477 -0.0840403 0.3752456
0.000001 2.2874382 0.4492262 4.7865782 -0.0110593 0.9318247 -0.0837891 0.3529304
0.000001 2.2983274 0.4463857 4.7679529 -0.0103686 0.9394208 -0.0846124 0.3319967
0.000001 2.3086190 0.4422681 4.7481794 -0.0095458 0.9461974 -0.0864290 0.3116880
0.000001 2.3188872 0.4391067 4.7269993 -0.0068771 0.9524388 -0.0890440 0.2913488
0.000001 2.3301594 0.4353333 4.7042236 -0.0058691 0.9580709 -0.0927379 0.2710449
0.000001 2.3409383 0.4319682 4.6810932 -0.0061235 0.9631346 -0.0955726 0.2513963
0.000001 2.3562369 0.4268831 4.6480989 -0.0068874 0.9690785 -0.0984599 0.2261525
0.000001 2.3664877 0.4232401 4.6223440 -0.0053179 0.9726019 -0.1005635 0.2095333
0.000001 2.3766181 0.4196907 4.5947242 -0.0021047 0.9754066 -0.1019224 0.1954207
0.000001 2.3901372 0.4140464 4.5558014 0.0013199 0.9783201 -0.1018937 0.1802933
0.000001 2.4037774 0.4075257 4.5142994 0.0014031 0.9807797 -0.1028689 0.1657926
0.000001 2.4159627 0.4018580 4.4727497 -0.0009465 0.9827181 -0.1042399 0.1529648
0.000001 2.4279852 0.3955238 4.4300656 -0.0031722 0.9844756 -0.1049966 0.1406180
0.000001 2.4389834 0.3889688 4.3853197 -0.0037591 0.9860337 -0.1056176 0.1287182
0.000001 2.4496541 0.3826507 4.3405771 -0.0015590 0.9872365 -0.1047351 0.1199675
0.000001 2.4596705 0.3770719 4.2934089 0.0013902 0.9883212 -0.1025397 0.1127160
0.000001 2.4737790 0.3691955 4.2347951 -0.0001321 0.9896580 -0.0968252 0.1058391
0.000001 2.4882770 0.3614618 4.1729670 -0.0035945 0.9902847 -0.0937722 0.1026160
0.000001 2.5072241 0.3531235 4.0947242 -0.0058054 0.9906720 -0.0913476 0.1009499
0.000001 2.5230038 0.3449337 4.0280771 -0.0077790 0.9909391 -0.0889855 0.1003035
0.000001 2.5433807 0.3355112 3.9445522 -0.0109693 0.9907913 -0.0903957 0.1002044
0.000001 2.5643404 0.3260753 3.8601074 -0.0128461 0.9904996 -0.0931408 0.1003513
0.000001 2.5881641 0.3139519 3.7574298 -0.0107997 0.9905825 -0.0926344 0.1002424
0.000001 2.6091514 0.3024896 3.6650414 -0.0078299 0.9905107 -0.0933325 0.1005800
0.000001 2.6348364 0.2886455 3.5544555 -0.0043331 0.9899717 -0.0972768 0.1023447
0.000001 2.6572287 0.2764716 3.4590096 -0.0009494 0.9899602 -0.0977033 0.1021373
0.000001 2.6797645 0.2634494 3.3617837 0.0027102 0.9901987 -0.0963754 0.1010498
0.000001 2.7034502 0.2502083 3.2656112 0.0020699 0.9897483 -0.0995598 0.1023809
0.000001 2.7267115 0.2368745 3.1671879 0.0036340 0.9895114 -0.1013175 0.1029022
0.000001 2.7505016 0.2224299 3.0678883 0.0043113 0.9894964 -0.1017954 0.1025475
0.000001 2.7739158 0.2091384 2.9701726 0.0037667 0.9896432 -0.1001244 0.1027968
0.000001 2.7973924 0.1956524 2.8774018 0.0064044 0.9896007 -0.0978811 0.1052079
0.000001 2.8241515 0.1836877 2.7698197 0.0003188 0.9901924 -0.0905764 0.1063710
0.000001 2.8509340 0.1691092 2.6682277 0.0039239 0.9897305 -0.0929340 0.1085424
0.000001 2.8771729 0.1564004 2.5672870 0.0022022 0.9890341 -0.0970599 0.1112928
0.000001 2.9077740 0.1421234 2.4559112 0.0040892 0.9893716 -0.0925229 0.1121011
0.000001 2.9374084 0.1265860 2.3448358 0.0026034 0.9887232 -0.0963738 0.1145941
0.000001 2.9684167 0.1111762 2.2305906 0.0039965 0.9882486 -0.0981408 0.1171203
0.000001 3.0017006 0.0960694 2.1121564 0.0006589 0.9880314 -0.0995567 0.1178214
0.000001 3.0342193 0.0802416 1.9919881 -0.0002120 0.9882047 -0.0985115 0.1172474
0.000001 3.0671191 0.0650632 1.8664494 0.0009675 0.9885768 -0.0964941 0.1157753
0.000001 3.1013536 0.0480941 1.7354501 0.0032634 0.9891507 -0.0944225 0.1124929
0.000001 3.1303234 0.0330602 1.6194125 0.0064198 0.9892043 -0.0956673 0.1108212
0.000001 3.1595385 0.0181388 1.5008943 0.0083025 0.9896345 -0.0940027 0.1082500
0.000001 3.1837730 0.0041420 1.3983725 0.0089396 0.9895201 -0.0958148 0.1076552
0.000001 3.2048588 -0.0068091 1.3123453 0.0104272 0.9894906 -0.0970282 0.1067013
0.000001 3.2215228 -0.0151294 1.2437993 0.0106630 0.9897836 -0.0956837 0.1051637
0.000001 3.2385433 -0.0252547 1.1738744 0.0117437 0.9899396 -0.0946013 0.1045576
0.000001 3.2549553 -0.0343908 1.1048083 0.0133365 0.9899668 -0.0948566 0.1038755
0.000001 3.2708273 -0.0431138 1.0357548 0.0181148 0.9900224 -0.0945721 0.1028772
0.000001 3.2834287 -0.0501798 0.9848117 0.0177385 0.9900537 -0.0950627 0.1021864
0.000001 3.2957394 -0.0563237 0.9343218 0.0160723 0.9899566 -0.0953402 0.1031403
0.000001 3.3081794 -0.0631348 0.8825710 0.0170925 0.9900635 -0.0943036 0.1029022
0.000001 3.3203826 -0.0700513 0.8313938 0.0170838 0.9901309 -0.0940621 0.1024756
0.000001 3.3319666 -0.0760512 0.7812050 0.0160291 0.9899802 -0.0940974 0.1040574
0.000001 3.3446693 -0.0830012 0.7299482 0.0148779 0.9900234 -0.0937113 0.1041660
0.000001 3.3567927 -0.0893860 0.6794369 0.0148911 0.9901177 -0.0931459 0.1037745
0.000001 3.3692701 -0.0957922 0.6291320 0.0137094 0.9901221 -0.0933504 0.1037106
0.000001 3.3853004 -0.1047243 0.5618254 0.0123562 0.9900635 -0.0939482 0.1039003
0.000001 3.4019613 -0.1137254 0.4951455 0.0114532 0.9899505 -0.0947744 0.1043290
0.000001 3.4188230 -0.1218144 0.4290523 0.0101705 0.9898372 -0.0959031 0.1045059
0.000001 3.4309909 -0.1286456 0.3798949 0.0108271 0.9899551 -0.0951137 0.1040436
0.000001 3.4465139 -0.1369265 0.3141319 0.0082932 0.9899401 -0.0953395 0.1042122
0.000001 3.4630210 -0.1452616 0.2496377 0.0096532 0.9900829 -0.0935186 0.1043884
0.000001 3.4782870 -0.1533311 0.1844136 0.0109864 0.9902901 -0.0914019 0.1041657
0.000001 3.4926379 -0.1614829 0.1192803 0.0108433 0.9902662 -0.0909011 0.1048440
0.000001 3.5097642 -0.1702650 0.0546236 0.0094141 0.9900364 -0.0945194 0.1039485
0.000001 3.5257795 -0.1790064 -0.0097464 0.0088645 0.9898085 -0.0960526 0.1047591
0.000001 3.5448999 -0.1887253 -0.0882626 0.0073596 0.9902437 -0.0931417 0.1033819
0.000001 3.5594859 -0.1972886 -0.1496370 0.0071002 0.9903129 -0.0917427 0.1039864
0.000001 3.5737052 -0.2039531 -0.2088399 0.0103359 0.9902507 -0.0920262 0.1040573
0.000001 3.5873008 -0.2100972 -0.2674706 0.0129001 0.9902964 -0.0895718 0.1054677
0.000001 3.6027358 -0.2198896 -0.3266381 0.0128080 0.9905756 -0.0891848 0.1031597
0.000001 3.6198270 -0.2292423 -0.3968493 0.0157007 0.9897227 -0.0955141 0.1052588
0.000001 3.6364112 -0.2379320 -0.4668837 0.0146841 0.9898061 -0.0954197 0.1047064
0.000001 3.6538458 -0.2476092 -0.5360821 0.0088646 0.9899840 -0.0938565 0.1050904
0.000001 3.6713030 -0.2564402 -0.6048585 0.0073067 0.9895290 -0.0967287 0.1068766
0.000001 3.6849344 -0.2632901 -0.6596023 0.0083367 0.9896883 -0.0951843 0.1067119
0.000001 3.6987305 -0.2697220 -0.7142028 0.0055489 0.9899330 -0.0925746 0.1069196
0.000001 3.7125497 -0.2769092 -0.7696891 0.0029590 0.9899403 -0.0923064 0.1071868
0.000001 3.7266192 -0.2836462 -0.8253518 0.0035644 0.9899071 -0.0922356 0.1075349
0.000001 3.7405658 -0.2899099 -0.8819354 0.0029968 0.9900005 -0.0907307 0.1079718
0.000001 3.7549624 -0.2963325 -0.9390225 0.0011895 0.9902319 -0.0890526 0.1072803
0.000001 3.7693245 -0.3033006 -0.9961385 0.0018853 0.9902059 -0.0886538 0.1078386
0.000001 3.7877007 -0.3114343 -1.0681614 0.0024080 0.9901623 -0.0886114 0.1082633
0.000001 3.8059137 -0.3193314 -1.1399899 0.0029446 0.9903257 -0.0872637 0.1078486
0.000001 3.8239985 -0.3269408 -1.2134402 0.0031456 0.9902078 -0.0871187 0.1090365
0.000001 3.8427536 -0.3357670 -1.2873994 0.0042850 0.9903608 -0.0860947 0.1084195
0.000001 3.8613162 -0.3429866 -1.3608594 0.0041286 0.9903144 -0.0852387 0.1095200
0.000001 3.8766410 -0.3492741 -1.4196025 0.0032814 0.9903660 -0.0840144 0.1100269
0.000001 3.8953133 -0.3564919 -1.4934182 0.0030544 0.9905605 -0.0815692 0.1101228
0.000001 3.9109697 -0.3626625 -1.5517547 0.0032157 0.9907374 -0.0796663 0.1099197
0.000001 3.9255195 -0.3682117 -1.6111714 0.0034068 0.9908679 -0.0779741 0.1099512
0.000001 3.9402215 -0.3736389 -1.6694064 0.0018304 0.9908957 -0.0771417 0.1103242
0.000001 3.9588397 -0.3807120 -1.7416610 0.0009497 0.9908872 -0.0769468 0.1105482
0.000001 3.9812603 -0.3888485 -1.8268018 -0.0004734 0.9908121 -0.0778469 0.1105940
0.000001 4.0025024 -0.3964064 -1.9113811 -0.0008518 0.9910225 -0.0762858 0.1097912
0.000001 4.0231829 -0.4037701 -1.9938716 -0.0030662 0.9910893 -0.0753740 0.1097783
0.000001 4.0437937 -0.4104686 -2.0773273 -0.0042366 0.9913926 -0.0730666 0.1085543
0.000001 4.0684500 -0.4181715 -2.1731632 -0.0069913 0.9916613 -0.0707201 0.1075071
0.000001 4.0930104 -0.4254762 -2.2684529 -0.0077743 0.9916987 -0.0715344 0.1065644
0.000001 4.1127582 -0.4312484 -2.3493967 -0.0083925 0.9919558 -0.0697196 0.1053206
0.000001 4.1328340 -0.4379431 -2.4295261 -0.0053558 0.9920279 -0.0691639 0.1052064
0.000001 4.1513305 -0.4444160 -2.5090525 -0.0013217 0.9920892 -0.0691183 0.1047851
0.000001 4.1667919 -0.4490210 -2.5745542 0.0009588 0.9922118 -0.0676202 0.1046058
0.000001 4.1826072 -0.4539739 -2.6397514 0.0011915 0.9922823 -0.0676209 0.1039313
0.000001 4.2018261 -0.4592714 -2.7191143 0.0004475 0.9922527 -0.0675256 0.1042816
0.000001 4.2209225 -0.4643666 -2.7991242 0.0004934 0.9926033 -0.0629642 0.1037978
0.000001 4.2370491 -0.4685928 -2.8671350 0.0014189 0.9928027 -0.0615189 0.1027437
0.000001 4.2560797 -0.4730575 -2.9492249 0.0032951 0.9928452 -0.0608779 0.1026715
0.000001 4.2717037 -0.4770568 -3.0177243 0.0069871 0.9930985 -0.0580841 0.1016501
0.000001 4.2913551 -0.4825098 -3.0984364 0.0118314 0.9931651 -0.0573914 0.1009426
0.000001 4.3095551 -0.4855322 -3.1793220 0.0124463 0.9931481 -0.0558561 0.1018918
0.000001 4.3282509 -0.4898969 -3.2594681 0.0134567 0.9933522 -0.0536194 0.1009713
0.000001 4.3480177 -0.4945580 -3.3372233 0.0113449 0.9935328 -0.0529730 0.0997885
0.000001 4.3628287 -0.4971718 -3.4018822 0.0105659 0.9935589 -0.0523538 0.0999408
0.000001 4.3718328 -0.4991916 -3.4405172 0.0109830 0.9935848 -0.0516673 0.0999958
0.000001 4.3867731 -0.5023200 -3.5037003 0.0098402 0.9934917 -0.0519933 0.1008668
0.000001 4.3984828 -0.5048894 -3.5538514 0.0082836 0.9935405 -0.0515855 0.1007347
0.000001 4.4099069 -0.5068380 -3.6035602 0.0066367 0.9935408 -0.0503477 0.1014773
0.000001 4.4225702 -0.5088226 -3.6513596 0.0056923 0.9937384 -0.0493164 0.1000981
0.000001 4.4331574 -0.5106871 -3.7004287 0.0058710 0.9937156 -0.0486850 0.1006207
0.000001 4.4421334 -0.5125512 -3.7360229 0.0057511 0.9937904 -0.0486984 0.0998797
0.000001 4.4536161 -0.5144203 -3.7833877 0.0029270 0.9936596 -0.0504252 0.1004454
0.000001 4.4622765 -0.5162910 -3.8188090 0.0025328 0.9937381 -0.0512402 0.0992607
